1.7765e-11 1.0857e-11 2.2098e-11 1.9679e-11 1.8324e-11 7.2503e-12 1.6589e-11 1.5032e-11 1.4378e-11 1.9418e-11 1.3784e-11 8.1127e-12 1.3984e-11 2.3121e-11 7.9848e-12 7.7676e-12 1.1513e-11 1.1373e-11 1.948e-11 9.7899e-12 5.953e-12 1.5479e-11 6.8693e-12 9.808e-12 4.5991e-12 7.2458e-12 9.5419e-12 1.5014e-11 4.4056e-12 2.0684e-11 7.665e-12 8.6063e-12 8.1063e-12 4.137e-12 2.426e-11 8.3321e-12 7.2377e-12 2.4549e-11 4.6572e-12 3.1476e-12 5.8657e-12 3.8622e-12 2.2008e-12 2.118e-12 6.1406e-12 1.9692e-12 3.4123e-12 2.8418e-12
2.0431e-11 2.0362e-11 2.2763e-11 1.213e-11 1.0639e-11 1.3727e-11 1.771e-11 1.0721e-11 1.0466e-11 2.4955e-11 2.6726e-11 7.6468e-12 9.0988e-12 2.5829e-11 9.5811e-12 1.5555e-11 1.68e-11 1.4728e-11 1.3466e-11 1.07e-11 7.464e-12 2.1771e-11 1.3109e-11 1.5721e-11 2.0183e-11 4.7833e-12 4.9728e-12 6.9123e-12 3.4399e-12 4.6992e-12 6.4694e-12 2.4178e-11 3.5427e-11 4.8812e-12 4.6342e-12 6.8916e-12 5.516e-12 4.8179e-12 4.0414e-12 4.3727e-12 3.2573e-12 2.2986e-12 3.6463e-12 5.502e-12 1.8036e-12 4.5818e-12 1.5284e-12 2.4811e-12
2.284e-11 2.6598e-11 1.0245e-11 2.1997e-11 8.2753e-12 9.2483e-12 1.2729e-11 9.1071e-12 1.5665e-11 1.0906e-11 1.1327e-11 1.5211e-11 7.6638e-12 9.6527e-12 9.4808e-12 9.0697e-12 1.7362e-11 1.1565e-11 1.5493e-11 8.7982e-12 5.1853e-12 8.5057e-12 7.4949e-12 1.7428e-11 8.8123e-12 5.4399e-12 7.2692e-12 6.2491e-12 6.2382e-12 5.5298e-12 6.363e-12 8.6304e-12 3.1329e-12 4.4521e-12 6.6467e-12 5.2478e-12 4.7412e-12 4.7619e-12 4.019e-12 3.5418e-12 2.939e-12 9.4225e-12 3.9773e-12 2.2242e-12 3.0899e-12 2.5115e-12 3.4298e-12 2.4988e-12
1.1971e-11 1.2417e-11 1.0705e-11 2.2676e-11 1.7186e-11 1.1849e-11 1.088e-11 1.1369e-11 1.9167e-11 1.0074e-11 2.0175e-11 8.9649e-12 1.7916e-11 1.2244e-11 1.2229e-11 1.4289e-11 1.0879e-11 7.809e-12 2.5434e-11 1.4661e-11 7.8826e-12 7.9841e-12 2.5134e-11 7.7457e-12 6.5241e-12 4.6953e-12 6.7003e-12 6.2194e-12 2.6664e-11 3.5829e-11 1.7249e-11 2.2241e-11 5.971e-12 1.5105e-11 6.4683e-12 6.3452e-12 5.9955e-12 4.0701e-12 3.3057e-12 2.2004e-11 2.2602e-12 2.321e-12 2.5853e-12 3.2861e-12 2.5136e-12 4.0776e-12 2.3466e-12 2.1572e-12
1.6333e-11 1.7469e-11 1.776e-11 1.4065e-11 1.3451e-11 1.4357e-11 2.7029e-11 1.1678e-11 8.0841e-12 2.3256e-11 1.7453e-11 1.7216e-11 9.2226e-12 1.0654e-11 1.5172e-11 1.1916e-11 9.1962e-12 9.4471e-12 1.2875e-11 8.4171e-12 2.8602e-11 1.7157e-11 1.1845e-11 7.3593e-12 1.4176e-11 4.4259e-12 4.0576e-11 4.99e-12 3.3548e-12 5.0384e-12 6.041e-12 7.6293e-12 8.2817e-12 3.8761e-12 5.8123e-12 5.1573e-12 7.4479e-12 4.3692e-12 3.044e-12 4.0168e-12 3.3926e-12 3.1934e-12 2.5941e-12 2.5778e-12 2.5579e-12 2.568e-12 1.7703e-12 2.0589e-12
2.2044e-11 3.7926e-11 1.5398e-10 3.3613e-11 1.7052e-11 2.621e-11 1.0033e-11 1.6484e-11 6.02e-12 1.3456e-11 1.7226e-11 1.2119e-11 1.6901e-11 2.4191e-11 2.1391e-11 1.4348e-11 1.1643e-11 1.2722e-11 3.566e-11 1.2527e-11 6.0672e-12 9.1592e-12 1.2764e-11 1.5173e-11 2.1774e-11 7.7444e-12 3.1243e-12 3.7334e-12 3.0703e-12 7.6697e-12 4.118e-12 1.3448e-11 6.2451e-12 5.2152e-12 5.3029e-12 8.5337e-12 1.1109e-11 5.3352e-12 1.506e-11 1.1848e-11 3.1854e-12 3.6039e-12 3.5681e-12 2.3244e-12 2.391e-12 2.5016e-12 2.6064e-12 1.9803e-12
1.8505e-11 1.7777e-11 2.2101e-11 1.3273e-11 1.775e-11 1.6241e-11 6.8669e-12 1.123e-11 1.2298e-11 1.5843e-11 2.2591e-11 1.219e-11 8.5569e-12 1.0297e-11 1.9789e-11 9.4514e-12 1.3556e-11 9.8466e-12 1.0086e-11 7.9204e-12 2.1184e-11 2.3428e-11 7.5918e-12 8.7887e-12 1.2691e-11 7.7708e-12 3.8738e-12 6.9531e-12 4.7707e-12 3.611e-12 5.4419e-12 2.0397e-11 5.5929e-12 4.4675e-12 5.031e-12 4.9464e-12 3.2238e-12 6.3511e-12 5.1469e-12 4.216e-12 4.78e-12 1.9073e-12 2.374e-12 2.5658e-12 2.5881e-12 2.0629e-12 2.2727e-12 2.0971e-12
2.0719e-11 1.1698e-11 8.3177e-12 1.8513e-11 1.1809e-11 1.5573e-11 1.3215e-11 1.688e-11 2.2662e-11 1.1406e-11 1.1569e-11 1.362e-11 1.2054e-11 1.3853e-11 2.8598e-11 1.0457e-11 1.1444e-11 1.2198e-11 6.246e-12 1.321e-11 2.2641e-11 1.5577e-11 6.7515e-12 8.6519e-12 3.5248e-11 5.2071e-12 5.2542e-12 3.8488e-12 8.0014e-12 4.4366e-12 9.0079e-12 7.9416e-12 4.1224e-12 4.9783e-12 6.4212e-12 3.8871e-12 3.4532e-12 4.4609e-12 5.3319e-12 4.4976e-12 2.2167e-12 6.0545e-12 7.7313e-12 3.057e-12 2.5771e-12 3.0026e-12 2.662e-12 2.8047e-11
1.9915e-11 2.0656e-11 1.2424e-11 1.1646e-11 1.2596e-11 1.8501e-11 9.6524e-12 5.4047e-12 8.6808e-12 1.2889e-11 1.4155e-11 1.4549e-11 1.5296e-11 1.3925e-11 6.8921e-12 1.9409e-11 1.0321e-11 8.6543e-12 1.5025e-11 9.418e-12 4.5751e-12 1.3346e-11 2.2381e-11 1.2181e-11 4.0024e-12 4.1408e-12 9.1733e-12 3.8461e-12 4.8312e-12 6.5582e-12 6.3985e-12 2.1883e-11 2.1535e-11 7.9114e-12 8.9138e-12 8.3358e-12 7.1316e-12 1.4439e-11 5.0771e-12 3.2147e-12 3.4564e-12 4.1453e-12 3.9543e-12 2.4592e-12 2.2714e-12 2.6065e-11 1.8575e-12 6.0594e-12
2.4609e-11 1.8175e-11 1.4331e-11 1.5802e-11 1.9447e-11 1.1716e-11 1.3942e-11 1.6421e-11 2.6304e-11 9.5069e-12 1.4638e-11 8.5461e-12 7.0609e-12 2.7389e-11 9.3149e-12 1.1656e-11 1.4051e-11 9.3927e-12 2.539e-11 9.2388e-12 4.9773e-12 1.0702e-11 6.8148e-12 8.8519e-12 2.6841e-11 6.5137e-12 5.7841e-12 4.7517e-12 4.2045e-12 1.2542e-11 8.5799e-12 9.5809e-12 6.949e-12 8.7879e-12 7.0305e-12 5.229e-12 2.0251e-11 3.159e-12 5.6183e-12 6.3015e-12 4.171e-12 2.2163e-12 3.801e-12 3.2642e-12 2.7975e-12 3.0035e-12 2.4126e-12 2.332e-12
2.9905e-11 1.0256e-11 1.4789e-11 1.361e-11 1.9224e-11 2.8129e-11 1.3355e-11 1.8321e-11 1.7786e-11 1.9298e-11 8.3845e-12 1.2619e-11 1.8489e-11 1.0186e-11 1.0623e-11 9.8159e-12 1.1546e-11 1.6014e-11 2.7914e-11 1.0289e-11 2.1128e-11 6.383e-12 5.5836e-12 9.9128e-12 4.3483e-12 4.743e-12 4.9586e-12 7.6834e-12 4.7347e-12 6.4461e-12 4.6469e-12 2.0207e-11 4.5782e-12 6.8748e-12 7.0546e-12 7.2343e-12 4.4419e-12 5.8181e-12 7.8734e-12 2.8077e-12 4.5238e-12 3.3554e-12 3.04e-12 2.4339e-12 2.1736e-12 2.1564e-12 2.0915e-12 3.9548e-12
1.4452e-11 2.3539e-11 1.4898e-11 1.4348e-11 1.7042e-11 1.6906e-11 1.4685e-11 8.1744e-12 1.2939e-11 6.9343e-12 1.0501e-11 1.102e-11 9.9903e-12 8.2536e-12 1.4845e-11 1.8495e-11 1.0336e-11 8.4044e-12 6.9447e-12 1.3847e-11 6.7153e-12 1.7015e-11 5.5967e-12 8.7808e-12 5.4501e-12 4.4601e-12 4.0628e-12 5.802e-12 5.667e-12 2.9242e-11 5.0264e-12 7.046e-12 1.7385e-11 4.9218e-12 4.1293e-11 5.224e-12 5.336e-12 4.275e-12 4.3291e-12 5.49e-12 2.7146e-12 3.9269e-12 3.5288e-12 4.4084e-12 2.9479e-12 3.758e-12 4.5929e-12 2.8288e-12
2.3451e-11 2.2711e-11 1.6907e-11 1.7655e-11 1.0435e-11 1.6726e-11 1.8833e-11 1.1897e-11 2.2037e-11 1.5224e-11 1.4459e-11 9.4894e-12 1.379e-11 2.1687e-11 1.4583e-11 1.5894e-11 6.1786e-12 7.5941e-12 1.1744e-11 1.5018e-11 4.3091e-11 8.7939e-12 5.6013e-12 4.897e-12 7.7536e-12 7.4229e-12 8.3726e-12 6.9618e-12 5.0485e-12 1.0616e-11 5.5631e-12 8.8416e-12 5.6179e-12 1.9421e-11 1.4942e-11 4.825e-12 3.5118e-12 3.7177e-12 4.7094e-12 6.0559e-12 2.7963e-12 5.0978e-12 3.1055e-12 4.6042e-12 2.1881e-12 2.227e-12 3.1276e-12 2.7632e-12
1.0193e-11 1.2013e-11 3.1925e-11 2.4076e-11 8.0121e-12 1.6247e-11 1.4634e-11 2.746e-11 9.131e-12 1.9677e-11 1.5557e-11 1.225e-11 2.0546e-11 1.4198e-11 3.0039e-11 2.4193e-11 6.9201e-12 7.6537e-12 1.2365e-11 6.8017e-12 2.2322e-11 1.7612e-11 2.2105e-11 8.5856e-12 7.9284e-12 5.3343e-12 6.5571e-12 1.0708e-11 6.018e-12 5.2012e-12 5.6028e-12 2.146e-11 6.312e-12 5.7664e-12 3.6651e-12 5.3246e-12 3.6597e-12 3.4092e-12 3.893e-12 3.8362e-12 4.8033e-12 3.6096e-12 3.9742e-12 3.0138e-12 2.7156e-12 2.0517e-11 2.4975e-12 2.8258e-12
1.4196e-11 1.1356e-11 9.4805e-12 9.0892e-12 1.8529e-11 1.4918e-11 1.4356e-11 1.2613e-11 1.7141e-11 1.2454e-11 1.5336e-11 1.1362e-11 8.5446e-12 1.7381e-11 1.3094e-11 1.3774e-11 8.6607e-12 7.6874e-12 7.2055e-12 1.7546e-11 7.2513e-12 5.6115e-12 1.166e-11 6.9767e-12 7.7848e-12 8.7466e-12 1.1238e-11 8.2347e-12 5.1094e-12 1.1248e-11 1.5615e-11 6.1519e-12 1.2039e-11 1.8968e-11 5.1756e-12 4.0094e-12 1.4939e-11 5.2531e-12 8.1892e-12 3.6877e-12 3.3034e-12 4.782e-12 4.1572e-12 6.4497e-12 2.9719e-12 3.5618e-12 4.2715e-12 3.1059e-12
1.4651e-11 1.043e-11 1.5239e-11 1.349e-11 1.9288e-11 2.2647e-11 1.2441e-11 1.4818e-11 1.2495e-11 1.3563e-11 1.2265e-11 1.4009e-11 1.3166e-11 1.0945e-11 1.7439e-11 1.3135e-11 6.7317e-12 5.1742e-12 7.6971e-12 1.3153e-11 7.5298e-12 7.7291e-12 7.8604e-12 1.1287e-11 9.0645e-12 8.4003e-12 1.1395e-11 7.0128e-12 4.7436e-12 5.3267e-12 7.2983e-12 2.885e-11 9.3698e-12 3.6472e-11 2.8829e-11 3.5072e-11 5.0153e-12 2.7405e-12 3.9203e-12 3.6092e-12 3.0217e-12 3.7232e-12 3.0851e-12 3.0566e-12 2.2485e-12 2.6889e-12 2.5519e-12 2.2768e-12
2.709e-11 2.4389e-11 9.6285e-12 1.4427e-11 1.1059e-11 2.63e-11 1.6341e-11 1.1871e-11 1.085e-11 1.152e-11 1.2423e-11 1.1401e-11 1.1519e-11 1.4371e-11 2.109e-11 1.3752e-11 8.7704e-12 1.2435e-11 2.1421e-11 4.7549e-12 8.4532e-12 7.5927e-12 1.0579e-11 6.7953e-12 1.5764e-11 4.6614e-12 6.3735e-12 5.0405e-12 7.7625e-12 1.0186e-11 1.8837e-11 6.4378e-12 6.0712e-12 4.3333e-12 8.9137e-12 7.806e-12 4.3016e-12 4.1405e-12 1.3085e-11 3.5783e-12 4.5606e-12 4.2683e-12 2.7021e-11 3.2558e-12 2.2696e-12 3.8732e-12 2.6313e-12 2.3929e-12
2.4529e-11 2.8378e-11 2.2703e-11 1.1812e-11 1.0384e-11 2.3823e-11 1.2732e-11 1.0354e-11 1.6797e-11 1.0771e-11 1.2162e-11 1.4921e-11 1.4881e-11 6.1132e-12 1.3465e-11 1.437e-11 2.1754e-11 1.4824e-11 1.9073e-11 1.7546e-11 2.1682e-11 7.4461e-12 2.9496e-11 8.8218e-12 7.4605e-12 8.544e-12 9.9064e-12 4.0883e-12 5.933e-12 5.0396e-12 4.8731e-12 7.4433e-12 7.8818e-12 5.5844e-12 7.0747e-12 1.7276e-11 2.5932e-11 3.5363e-12 5.4228e-12 5.1081e-12 6.9606e-12 2.6352e-12 2.806e-12 3.6591e-12 2.7779e-12 1.8822e-12 1.9737e-12 6.061e-12
1.5187e-11 1.3894e-11 2.1701e-11 8.2139e-12 1.8268e-11 2.712e-11 8.2711e-12 1.4623e-11 9.2989e-12 1.1473e-11 1.6526e-11 1.4756e-11 1.2091e-11 2.1067e-11 1.0306e-11 2.8184e-11 2.3715e-11 8.6924e-12 1.0902e-11 1.6266e-11 1.0961e-11 6.2077e-12 6.2167e-12 5.9116e-12 5.4967e-12 1.6822e-11 5.6389e-12 5.0329e-12 6.8914e-12 4.8893e-12 5.8606e-12 1.5667e-11 5.5869e-12 2.4115e-11 1.9557e-11 2.042e-11 5.0107e-12 5.9693e-12 3.1263e-12 4.0468e-12 7.8375e-12 2.7477e-12 4.4497e-12 2.5937e-12 3.2824e-12 4.842e-12 1.9273e-12 1.7891e-12
2.3253e-11 2.2834e-11 2.5358e-11 2.2486e-11 1.1754e-11 1.562e-11 1.0283e-11 1.8045e-11 1.108e-11 8.6266e-12 1.2206e-11 2.6323e-11 7.9341e-12 7.4926e-12 1.0232e-11 2.3816e-11 1.0906e-11 1.4725e-11 8.7956e-12 1.7702e-11 7.9965e-12 4.8195e-12 1.126e-11 8.0233e-12 6.3247e-12 3.1559e-11 5.6741e-12 2.7058e-11 4.8317e-12 2.1283e-11 4.7829e-12 9.5491e-12 5.6424e-12 9.8224e-12 4.7229e-12 3.686e-12 3.4602e-12 6.5791e-12 4.5005e-12 3.7648e-12 3.2117e-12 1.7084e-11 2.9283e-12 4.2704e-12 2.9937e-12 2.6736e-12 3.2583e-12 3.7601e-12
2.7926e-11 2.3421e-11 2.2728e-11 1.3715e-11 1.5244e-11 1.9549e-11 2.158e-11 1.6643e-11 1.4377e-11 2.882e-11 2.3037e-11 1.0067e-11 1.5845e-11 7.647e-12 1.5008e-11 1.9352e-11 1.6337e-11 1.0986e-11 1.0486e-11 1.0924e-11 7.6909e-12 2.0394e-11 7.8727e-12 9.0634e-12 5.0463e-12 5.4543e-12 8.2313e-12 4.2371e-12 1.2912e-11 1.2337e-11 7.4834e-12 1.2479e-11 2.1871e-11 4.7739e-12 1.2514e-11 6.4266e-12 4.5339e-12 1.2242e-11 3.6686e-12 2.6629e-12 1.3975e-11 2.9997e-12 3.3573e-12 2.4053e-12 2.1441e-12 3.2754e-12 1.8108e-12 2.9602e-12
1.1962e-10 4.414e-11 2.6329e-11 1.9569e-11 1.4215e-11 3.3375e-11 7.4724e-12 1.1339e-11 1.6671e-11 9.3929e-12 1.2653e-11 1.0026e-11 1.4505e-11 8.7113e-12 2.4523e-11 1.4739e-11 2.2791e-11 1.4883e-11 1.5052e-11 1.3659e-11 6.4357e-12 1.015e-11 2.5308e-11 1.2923e-11 7.2079e-12 7.203e-12 5.2397e-12 2.2471e-12 2.704e-12 4.5218e-12 2.263e-11 2.6926e-11 1.3944e-11 5.3078e-12 8.2635e-12 1.1035e-11 6.077e-12 5.8469e-12 8.1749e-12 4.1342e-12 3.4427e-12 3.6837e-12 4.9936e-12 3.4476e-12 2.7044e-12 2.6965e-12 2.5186e-12 1.9427e-12
2.951e-11 2.8685e-11 2.186e-11 1.3135e-11 2.5122e-11 1.6547e-11 2.1648e-11 1.0833e-11 8.2131e-12 1.1496e-11 3.1128e-11 1.1901e-11 1.484e-11 9.0318e-12 2.4851e-11 1.245e-11 1.0463e-11 9.6221e-12 7.9538e-12 1.7775e-11 9.029e-12 6.442e-12 1.0837e-11 1.5201e-11 9.7605e-12 8.9979e-12 4.882e-12 3.3801e-12 5.5608e-12 2.8751e-11 3.7469e-11 7.416e-12 4.2042e-12 1.3294e-11 4.9654e-12 4.3749e-12 3.5495e-12 2.0368e-11 2.9284e-12 7.1416e-12 1.0354e-11 3.0832e-12 2.9287e-12 3.3498e-12 2.6221e-12 3.2692e-12 2.5027e-12 5.8499e-12
1.6596e-11 2.1056e-11 9.0108e-12 2.0692e-11 2.5201e-11 2.3869e-11 2.549e-11 1.294e-11 2.0872e-11 1.0328e-11 1.3385e-11 1.2861e-11 1.5612e-11 1.4693e-11 1.0029e-11 1.2068e-11 2.091e-11 9.9034e-12 6.5619e-12 5.8282e-12 1.4082e-11 1.3067e-11 6.9659e-12 7.959e-12 5.6786e-12 5.6931e-12 7.4841e-12 1.3928e-11 1.9763e-11 5.8041e-12 9.8436e-12 5.5957e-12 4.3227e-12 2.3627e-11 6.4369e-12 6.0515e-12 7.9676e-12 3.1668e-12 2.6556e-11 3.6802e-12 3.9711e-12 5.2859e-12 4.1029e-12 4.1872e-12 3.0893e-12 2.9088e-12 2.2236e-12 3.204e-12
2.9819e-11 1.3826e-11 2.0771e-11 2.7239e-11 9.6337e-12 1.2572e-11 9.5919e-12 1.1932e-11 2.1079e-11 1.0497e-11 9.5888e-12 2.4148e-11 1.1836e-11 2.0218e-11 1.6029e-11 1.5788e-11 9.8386e-12 1.2315e-11 1.0401e-11 4.7486e-12 8.5415e-12 6.2889e-12 2.387e-11 8.0837e-12 5.9308e-12 1.9805e-11 4.4819e-12 6.3089e-12 5.9167e-12 5.511e-12 7.284e-12 5.9867e-12 2.8789e-11 5.7674e-12 1.1946e-11 7.5312e-12 5.4543e-12 6.1291e-12 7.4588e-12 3.2627e-12 4.9975e-12 3.2562e-12 4.1638e-12 4.7894e-12 3.4429e-12 3.6062e-12 1.9904e-12 2.2961e-12
1.5997e-11 2.2794e-11 1.3217e-11 1.5947e-11 1.7651e-11 2.2222e-11 7.7013e-12 1.9308e-11 1.0385e-11 2.0149e-11 1.126e-11 7.7915e-12 2.7013e-11 6.4427e-12 1.4796e-11 1.0585e-11 1.4937e-11 1.2922e-11 1.2265e-11 1.1001e-11 2.9254e-11 1.1598e-11 7.8981e-12 8.7605e-12 5.9054e-12 6.1437e-12 6.7105e-12 3.9442e-12 8.3279e-12 5.0465e-12 6.1207e-12 7.7789e-12 1.3474e-11 1.7098e-11 7.1953e-12 8.2221e-12 4.6619e-12 4.3683e-12 3.1988e-12 4.2842e-12 3.3284e-12 3.3226e-12 3.3973e-12 3.0476e-12 2.9018e-12 2.0851e-12 2.3102e-12 2.4272e-12
1.656e-11 1.1248e-11 1.3927e-11 1.207e-11 1.3076e-11 9.308e-12 1.6643e-11 8.6256e-12 2.6928e-11 1.8044e-11 2.3704e-11 1.1538e-11 9.5589e-12 2.8992e-11 1.2907e-11 9.9104e-12 1.0397e-11 8.5142e-12 1.8121e-11 6.3076e-12 1.8587e-11 7.1218e-12 1.2111e-11 8.3728e-12 5.8992e-12 7.527e-12 6.8762e-12 6.3114e-12 6.4346e-12 2.4596e-11 5.851e-12 6.7442e-12 9.4076e-12 4.9718e-12 7.0659e-12 7.1448e-12 1.2871e-11 6.1207e-12 5.56e-12 3.9439e-12 4.8209e-12 3.7393e-12 3.9443e-12 2.9673e-12 3.4269e-12 2.7796e-12 2.5054e-12 2.8082e-12
1.3105e-11 1.2234e-11 1.288e-11 8.8997e-12 1.0174e-11 1.4776e-11 9.7084e-12 2.3571e-11 1.0457e-11 1.0165e-11 1.7186e-11 1.2196e-11 8.9034e-12 8.958e-12 1.1184e-11 9.4699e-12 1.1402e-11 2.5986e-11 3.0442e-11 8.8187e-12 1.7433e-11 3.1505e-11 5.1764e-12 6.7107e-12 4.8339e-12 5.1412e-12 4.7044e-12 5.6087e-12 7.008e-12 6.1994e-12 4.5865e-12 6.9336e-12 6.0884e-12 1.4179e-11 7.4288e-12 4.3854e-12 3.6126e-12 4.7935e-12 6.1498e-12 4.0559e-12 8.116e-12 3.4647e-12 3.069e-12 4.4091e-12 3.2435e-12 4.071e-12 3.1975e-12 2.4221e-12
1.973e-11 1.1805e-11 1.2448e-11 2.2181e-11 9.1651e-12 1.58e-11 9.399e-12 8.8209e-12 9.0974e-12 1.1311e-11 1.2503e-11 1.0619e-11 1.3962e-11 1.6096e-11 1.7243e-11 1.1547e-11 1.4599e-11 2.6053e-11 2.2732e-11 1.26e-11 6.908e-12 7.0992e-12 8.4381e-12 6.5027e-12 5.6975e-12 6.4671e-12 7.6115e-12 7.7567e-12 3.4663e-11 8.5135e-12 4.5466e-12 5.6803e-12 8.0601e-12 7.4448e-12 3.8628e-12 8.8099e-12 3.821e-12 5.1499e-12 5.671e-12 5.0892e-12 2.2793e-12 3.3256e-12 2.8566e-12 2.5933e-12 3.1916e-12 2.5862e-12 2.5942e-12 2.4333e-12
1.3265e-11 9.6402e-12 1.7969e-11 1.7276e-11 1.7874e-11 2.0602e-11 9.0329e-12 1.8113e-11 1.2227e-11 1.198e-11 1.476e-11 2.612e-11 8.3566e-12 1.5684e-11 1.881e-11 1.533e-11 1.5084e-11 1.0237e-11 7.9626e-12 5.9651e-12 2.4636e-11 9.074e-12 6.0292e-12 6.5978e-12 7.4902e-12 2.2408e-11 1.0224e-11 8.061e-12 2.2682e-11 1.4425e-11 5.0727e-12 5.95e-12 5.3933e-12 4.6623e-12 9.637e-12 6.7681e-12 3.1703e-12 4.0863e-12 4.7209e-12 5.7595e-12 2.9633e-12 8.4271e-12 3.2425e-12 4.9877e-12 4.3459e-12 5.7979e-12 3.4245e-12 2.795e-12
1.2617e-11 1.5145e-11 1.4295e-11 1.6549e-11 1.0425e-11 1.5031e-11 1.7097e-11 1.5337e-11 1.5502e-11 1.4623e-11 1.4158e-11 1.1003e-11 1.3846e-11 2.2972e-11 9.311e-12 2.6973e-11 1.3313e-11 9.9806e-12 8.818e-12 6.2365e-12 4.7848e-12 1.5658e-11 1.1574e-11 6.0792e-12 6.8225e-12 7.4958e-12 7.3705e-12 1.8334e-11 5.7802e-12 4.7448e-12 5.2043e-12 1.5249e-11 5.9858e-12 4.0357e-11 4.6276e-12 6.3872e-12 9.3379e-12 5.4163e-12 1.9722e-11 6.5566e-12 3.7515e-12 2.6706e-12 1.0403e-11 2.9516e-12 2.7899e-12 2.4294e-12 2.8783e-12 1.3258e-11
2.4733e-11 1.311e-11 1.9001e-11 1.102e-11 1.2157e-11 1.4129e-11 1.5242e-11 1.239e-11 1.1746e-11 1.0849e-11 1.49e-11 1.7552e-11 2.1613e-11 1.6723e-11 1.3617e-11 1.0557e-11 6.3048e-12 7.701e-12 9.8806e-12 8.3806e-12 1.3575e-11 7.2511e-12 2.6311e-11 1.2331e-11 7.1058e-12 1.7109e-11 5.1636e-12 8.4211e-12 7.0014e-12 7.3189e-12 4.586e-12 5.0689e-12 4.3266e-12 6.2359e-12 4.927e-12 5.8955e-12 4.2409e-12 3.6931e-12 4.3148e-12 1.5077e-11 3.6633e-12 2.3742e-12 3.1555e-12 2.6593e-12 2.2477e-12 2.294e-12 3.3094e-12 4.7462e-12
2.0225e-11 1.5268e-11 1.2142e-11 2.7278e-11 9.9481e-12 1.4728e-11 1.3047e-11 8.8812e-12 2.5027e-11 1.2625e-11 1.3629e-11 1.8382e-11 9.0685e-12 2.8714e-11 1.5158e-11 1.3965e-11 1.7231e-11 2.1185e-11 2.0622e-11 5.081e-12 1.1786e-11 1.4399e-11 2.2252e-11 8.9702e-12 1.8046e-11 4.5116e-12 4.8324e-12 4.7949e-12 1.4617e-11 3.8156e-12 6.7617e-12 1.1347e-11 3.9343e-12 3.5283e-12 7.4654e-12 2.2324e-11 8.1627e-12 4.1791e-12 4.2724e-12 5.526e-12 5.3382e-12 4.6912e-12 3.4394e-12 1.0867e-11 3.4165e-12 3.3954e-12 3.3026e-12 1.1324e-11
1.3891e-11 1.9958e-11 2.8136e-11 1.234e-11 9.5944e-12 2.6414e-11 1.5241e-11 2.2193e-11 8.8507e-12 1.1773e-11 2.1419e-11 7.7952e-12 9.6081e-12 5.6891e-12 1.7034e-11 1.4115e-11 9.2311e-12 9.8488e-12 1.174e-11 1.0267e-11 7.9901e-12 1.4108e-11 1.452e-11 1.1258e-11 6.0708e-12 6.9675e-12 4.2167e-12 4.402e-12 4.6495e-12 5.1304e-12 8.0181e-12 4.8383e-12 5.1524e-12 7.6869e-12 5.4154e-12 1.2986e-11 4.4224e-12 3.79e-12 5.9103e-12 3.2432e-12 3.2444e-11 5.5047e-12 2.6221e-12 2.3466e-12 2.9214e-12 2.155e-12 4.0368e-12 2.5669e-12
2.4213e-11 1.982e-11 2.3507e-11 2.5327e-11 1.2346e-11 1.304e-11 2.5853e-11 1.439e-11 1.5387e-11 8.0418e-12 2.7413e-11 1.7071e-11 1.0807e-11 1.3229e-11 2.5271e-11 1.5072e-11 1.464e-11 1.2783e-11 1.052e-11 1.4375e-11 2.1043e-11 1.0939e-11 6.9984e-12 7.0798e-12 5.9545e-12 1.2709e-11 6.0998e-12 5.706e-12 7.5169e-12 4.4328e-12 6.8465e-12 6.5249e-12 8.9765e-12 7.2508e-12 5.1369e-12 1.9496e-11 1.6501e-11 3.8781e-11 3.1027e-12 3.3141e-12 3.041e-12 3.4364e-12 2.8084e-12 4.2354e-12 3.3797e-12 2.7795e-12 2.3083e-12 2.7896e-12
1.5024e-11 1.3922e-11 1.7989e-11 1.5019e-11 2.0112e-11 1.2021e-11 8.1069e-12 1.3746e-11 9.9894e-12 2.2919e-11 9.636e-12 1.2416e-11 1.5672e-11 1.1415e-11 2.8877e-11 7.7247e-12 9.3894e-12 3.1555e-11 6.2069e-12 8.496e-12 2.8865e-11 6.15e-12 4.0858e-12 8.3712e-12 5.5962e-12 4.969e-12 4.8273e-12 3.3504e-11 5.9698e-12 6.7225e-12 6.8167e-12 5.4711e-12 1.8937e-11 5.4655e-12 3.8439e-12 6.5699e-12 3.6038e-12 7.2092e-12 7.7192e-12 6.1759e-12 4.1823e-12 4.9996e-12 4.5777e-12 2.5893e-12 2.8738e-12 2.648e-12 2.9286e-12 3.1548e-12
2.6744e-11 3.041e-11 1.6738e-11 1.0347e-11 1.1513e-11 2.0587e-11 1.1755e-11 1.4408e-11 9.1818e-12 1.9015e-11 2.0936e-11 2.498e-11 8.745e-12 8.7863e-12 1.2092e-11 1.0497e-11 1.5059e-11 8.3539e-12 9.1657e-12 1.0713e-11 1.943e-11 8.9737e-12 9.0331e-12 9.8697e-12 5.2902e-12 5.1043e-12 8.3606e-12 4.9155e-12 4.9517e-12 6.158e-12 7.2298e-12 9.2862e-12 2.5156e-11 3.684e-12 1.5098e-11 4.6825e-12 3.4122e-12 6.161e-12 5.2363e-12 1.4811e-11 3.129e-12 2.8605e-12 4.3715e-12 4.8094e-12 2.3498e-12 2.4549e-12 2.3229e-12 1.7915e-12
4.8691e-11 2.4382e-10 1.5222e-10 1.15e-11 2.0197e-11 2.3881e-11 1.7544e-11 2.2074e-11 1.5523e-11 1.5508e-11 1.6364e-11 8.9013e-12 1.1061e-11 8.4955e-12 1.2614e-11 1.2946e-11 1.7132e-11 1.4636e-11 1.6922e-11 1.913e-11 8.2472e-12 9.8326e-12 2.6955e-11 1.1433e-11 4.9061e-12 8.7764e-12 7.7382e-12 2.8028e-12 4.1031e-12 3.7147e-12 8.0362e-12 2.3683e-11 9.0067e-12 3.7407e-12 4.4011e-11 3.4027e-11 4.684e-12 5.4201e-12 4.9128e-12 2.6424e-11 1.1424e-11 3.956e-12 5.3839e-12 2.5529e-12 2.2516e-12 2.0516e-12 1.6094e-12 1.6469e-12
2.7239e-11 2.1958e-11 2.2535e-11 1.4847e-11 1.4224e-11 1.8438e-11 2.8929e-11 1.6469e-11 1.2661e-11 9.1136e-12 1.1921e-11 1.0171e-11 1.1779e-11 8.09e-12 9.714e-12 1.9543e-11 6.7194e-12 1.3058e-11 1.3808e-11 9.6665e-12 9.9009e-12 1.6686e-11 1.2699e-11 4.9681e-12 4.6366e-12 2.4967e-11 7.8708e-12 5.149e-12 5.9358e-12 7.7486e-12 2.1841e-11 6.5558e-12 4.005e-12 6.3416e-12 6.894e-12 2.1474e-11 3.1274e-12 4.3533e-12 3.886e-12 4.2498e-12 3.1893e-12 3.5454e-12 3.5924e-11 3.2193e-12 2.0001e-12 1.999e-12 2.7156e-12 2.0501e-12
1.2854e-11 2.7979e-11 2.8926e-11 1.1323e-11 1.7851e-11 1.6829e-11 8.0784e-12 1.1743e-11 1.8649e-11 3.5598e-11 1.3155e-11 1.243e-11 1.4511e-11 1.268e-11 9.5637e-12 7.5828e-12 1.6207e-11 1.4097e-11 7.2129e-12 8.191e-12 6.7424e-12 1.0063e-11 1.0556e-11 8.6694e-12 7.5968e-12 2.1802e-11 7.1275e-12 6.3664e-12 4.9719e-12 5.1393e-12 4.9061e-12 4.0145e-11 1.6207e-11 5.5961e-12 3.6623e-12 1.5161e-11 1.4137e-11 4.1046e-12 2.5525e-12 4.887e-12 4.1743e-12 3.4522e-12 4.2337e-12 3.3427e-12 6.4531e-12 1.9396e-11 4.3158e-12 2.6344e-12
2.4303e-11 1.7566e-11 2.1835e-11 2.2716e-11 1.1731e-11 1.2422e-11 1.3718e-11 2.5005e-11 2.4556e-11 8.448e-12 1.6834e-11 1.4221e-11 1.3356e-11 8.9179e-12 8.135e-12 2.3106e-11 1.5856e-11 9.7862e-12 2.0639e-11 8.8678e-12 8.2332e-12 2.5973e-11 2.879e-11 3.2021e-11 6.2138e-12 6.4949e-12 5.5927e-12 6.6357e-12 1.7956e-11 5.5651e-12 8.6159e-12 5.8285e-12 4.9928e-12 7.544e-12 3.9298e-12 1.0385e-11 5.1285e-12 3.9175e-12 2.8486e-12 4.7013e-12 3.6903e-12 4.2551e-12 3.3667e-12 1.801e-11 7.9669e-12 1.8896e-12 2.2751e-12 2.747e-12
2.1579e-11 1.9046e-11 1.7657e-11 1.2823e-11 8.943e-12 2.2209e-11 1.0477e-11 2.291e-11 1.2938e-11 2.0255e-11 1.5581e-11 1.1399e-11 1.0978e-11 1.0121e-11 2.2803e-11 8.9926e-12 1.2239e-11 1.5778e-11 8.6332e-12 5.7877e-12 1.1214e-11 1.0389e-11 1.1107e-11 6.6445e-12 1.5282e-11 4.4774e-12 7.6316e-12 3.8041e-12 4.1396e-12 6.728e-12 4.7259e-12 6.1004e-12 4.5302e-12 5.6839e-12 5.1011e-12 5.861e-12 4.0572e-12 4.9589e-12 4.7212e-12 5.8015e-12 3.8481e-12 3.1472e-12 4.0658e-12 2.73e-12 3.4539e-12 2.0305e-11 3.0484e-12 2.5691e-12
2.2214e-11 1.6962e-11 1.0308e-11 2.3521e-11 1.2428e-11 1.3299e-11 1.7261e-11 8.9777e-12 2.0402e-11 1.3679e-11 1.362e-11 9.5563e-12 1.9702e-11 9.6268e-12 1.5612e-11 8.6368e-12 1.1822e-11 9.1768e-12 2.0119e-11 6.8033e-12 8.3599e-12 7.6788e-12 6.0914e-12 2.7806e-11 8.5213e-12 4.4985e-12 4.8372e-12 6.5638e-12 5.3595e-12 5.876e-12 5.9362e-12 7.7492e-12 3.6312e-12 4.3332e-12 1.4435e-11 5.8776e-12 6.6563e-12 5.0316e-12 3.3042e-12 3.7835e-12 4.6542e-12 8.8443e-12 2.7336e-12 1.7874e-12 2.4658e-12 2.9866e-12 1.9914e-12 4.7733e-12
1.4597e-11 1.7799e-11 1.7255e-11 1.273e-11 2.5236e-11 1.7034e-11 9.34e-12 1.2745e-11 8.2668e-12 8.8454e-12 9.5264e-12 1.9883e-11 1.5105e-11 1.5897e-11 1.3543e-11 1.4236e-11 1.5426e-11 9.0231e-12 3.6595e-11 1.2426e-11 2.0526e-11 6.2186e-12 5.7474e-12 1.7613e-11 1.1643e-11 2.1071e-11 7.2941e-12 9.8397e-12 5.9153e-12 6.7679e-12 9.9218e-12 3.8768e-12 7.8143e-12 6.6216e-12 3.8367e-12 5.8707e-12 5.2312e-12 7.7e-12 4.0693e-12 4.9294e-12 2.9603e-12 3.8947e-12 3.0891e-12 3.4028e-12 2.8016e-12 3.6649e-12 2.6761e-12 3.247e-12
1.8327e-11 1.4562e-11 2.137e-11 2.5426e-11 1.337e-11 2.1124e-11 1.4982e-11 1.1405e-11 1.2916e-11 1.3288e-11 9.1669e-12 1.1502e-11 1.0399e-11 2.5631e-11 1.4446e-11 1.2105e-11 9.8135e-12 1.0981e-11 8.2411e-12 1.9461e-11 7.2206e-12 5.5419e-12 1.1808e-11 7.8334e-12 2.1042e-11 7.0199e-12 4.5881e-12 7.2811e-12 2.8731e-11 6.2625e-12 7.296e-12 6.2267e-12 5.1599e-12 2.0429e-11 4.1192e-11 6.4287e-12 6.5322e-12 3.4967e-12 6.4298e-12 7.4252e-12 3.4335e-12 2.9998e-12 3.3783e-12 3.1426e-12 2.2435e-12 4.1793e-12 4.9045e-12 2.4853e-12
1.3325e-11 2.4031e-11 1.7358e-11 1.3641e-11 9.5161e-12 9.5274e-12 9.2501e-12 1.2138e-11 1.2188e-11 1.2958e-11 1.7746e-11 1.9535e-11 1.4143e-11 8.8998e-12 2.2909e-11 8.3006e-12 8.5407e-12 2.3738e-11 7.703e-12 6.4986e-12 9.7219e-12 2.575e-11 7.9107e-12 5.8742e-12 7.294e-12 6.4337e-12 5.6175e-12 1.3796e-11 1.8124e-11 6.4974e-12 7.2779e-12 4.0674e-12 1.0831e-11 7.2616e-12 8.9253e-12 4.4849e-12 3.0906e-12 4.0555e-12 2.9746e-12 1.2319e-11 3.7377e-12 2.8998e-12 4.3788e-12 3.5144e-12 2.6481e-12 6.5261e-12 2.2685e-12 2.9785e-12
2.1307e-11 1.7591e-11 2.0943e-11 1.0595e-11 1.0295e-11 1.1693e-11 9.2513e-12 1.6019e-11 1.4737e-11 1.2611e-11 1.4962e-11 7.5091e-12 1.4931e-11 1.6193e-11 1.8587e-11 1.6148e-11 7.7316e-12 1.4656e-11 2.8018e-11 7.1981e-12 6.4574e-12 6.8483e-12 5.6725e-12 6.8702e-12 1.087e-11 5.727e-12 7.0898e-12 5.2697e-12 3.3835e-11 4.8951e-12 7.2733e-12 3.5118e-12 5.7523e-12 1.9981e-11 4.158e-12 5.1235e-12 4.5957e-12 3.2487e-12 5.8117e-12 6.5315e-12 4.2885e-12 2.5206e-12 4.3068e-11 4.319e-12 3.3191e-12 3.965e-12 5.0914e-12 4.364e-12
1.4769e-11 1.7458e-11 1.125e-11 9.4815e-12 8.3476e-12 1.5483e-11 1.3903e-11 1.5647e-11 2.1253e-11 1.2064e-11 1.8046e-11 1.593e-11 2.6586e-11 1.1201e-11 1.247e-11 9.1242e-12 7.105e-12 2.6405e-11 2.4248e-11 9.3058e-12 6.5514e-12 6.2927e-12 4.4449e-12 6.1745e-12 8.8596e-12 6.0522e-12 6.5182e-12 6.4718e-12 1.1674e-11 1.2593e-11 6.1685e-12 8.5069e-12 8.2485e-12 4.8844e-12 2.0645e-11 5.9732e-12 3.4201e-12 2.8676e-12 3.6599e-12 4.6877e-12 2.8297e-12 2.9528e-12 2.5997e-12 2.7634e-12 2.7e-12 2.6017e-12 3.7621e-12 2.2685e-11
2.2829e-11 1.2432e-11 1.5218e-11 1.4511e-11 1.9039e-11 8.4504e-12 2.0168e-11 1.6277e-11 1.1161e-11 1.3142e-11 1.6052e-11 1.0429e-11 1.7764e-11 2.0209e-11 9.0324e-12 2.1159e-11 1.0163e-11 1.9439e-11 2.1204e-11 7.0419e-12 1.2044e-11 1.2616e-11 6.0711e-12 7.0956e-12 7.1613e-12 6.0717e-12 5.9169e-12 3.8761e-12 1.3003e-11 7.0509e-12 9.3779e-12 4.4699e-12 4.3418e-12 5.1603e-12 5.601e-12 7.0829e-12 5.1049e-12 5.7215e-12 3.7761e-12 3.8913e-12 4.986e-12 5.344e-12 2.8912e-12 4.1589e-12 3.9364e-12 2.7297e-12 2.6648e-12 7.413e-12
1.9616e-11 2.2949e-11 1.5454e-11 8.0232e-12 2.0499e-11 2.4643e-11 1.7742e-11 1.8683e-11 6.3691e-12 1.2697e-11 9.5716e-12 1.711e-11 1.429e-11 2.4711e-11 7.9841e-12 1.0917e-11 1.3291e-11 2.5367e-11 9.0935e-12 1.0501e-11 9.9397e-12 1.0329e-11 2.375e-11 2.1256e-11 2.2158e-11 3.0821e-11 4.2775e-12 5.1696e-12 5.7154e-12 5.2137e-12 4.4103e-12 1.1743e-11 5.9846e-12 4.7809e-12 8.7296e-12 1.5671e-11 3.0994e-12 4.2202e-12 4.2015e-12 6.677e-12 4.4843e-12 2.828e-12 2.7901e-12 2.7694e-12 2.0049e-12 2.6935e-12 2.7073e-12 2.7614e-12
1.9457e-11 3.0254e-11 2.0231e-11 1.379e-11 1.8045e-11 1.8026e-11 1.3822e-11 1.0874e-11 8.9199e-12 2.0665e-11 1.0327e-11 1.953e-11 1.7463e-11 1.416e-11 8.9939e-12 8.7226e-12 1.6472e-11 1.9733e-11 3.619e-11 4.8783e-12 1.1564e-11 1.2029e-11 7.1571e-12 6.5296e-12 1.3188e-11 4.7994e-12 4.0452e-12 5.9023e-12 7.2325e-12 5.9956e-12 6.8285e-12 7.3008e-12 7.1248e-12 9.4637e-12 6.2999e-12 7.395e-12 5.1975e-12 6.2497e-12 4.1088e-12 4.1425e-12 4.6572e-12 3.4553e-12 3.4006e-12 4.9918e-12 3.0504e-12 2.44e-12 2.6144e-12 4.4936e-12
2.2824e-11 3.0931e-11 3.1227e-11 2.1272e-11 2.0293e-11 1.0811e-11 9.9304e-12 1.0545e-11 1.1723e-11 1.1387e-11 2.0759e-11 9.1885e-12 2.1176e-11 2.9639e-11 2.1935e-11 1.2541e-11 1.7819e-11 1.3361e-11 1.1014e-11 1.0093e-11 6.7529e-12 5.482e-12 2.4927e-11 5.5802e-12 5.9551e-12 1.8099e-11 9.9233e-12 1.3622e-11 1.8911e-11 9.2215e-12 2.8241e-11 5.212e-12 3.5777e-12 2.7266e-11 5.4368e-12 4.0423e-12 1.0446e-11 4.8466e-12 3.8045e-12 7.9374e-12 6.8985e-12 2.2857e-12 3.9301e-12 1.0418e-11 3.1929e-12 2.6471e-12 2.419e-12 3.0203e-12
2.8751e-11 3.1256e-11 2.7148e-11 1.3289e-11 2.4619e-11 1.3239e-11 1.0058e-11 1.6732e-11 1.0599e-11 2.105e-11 1.1503e-11 1.3293e-11 1.8497e-11 1.1096e-11 1.0982e-11 1.6681e-11 2.8354e-11 1.1113e-11 1.8108e-11 1.596e-11 1.1226e-11 1.6012e-11 7.9929e-12 5.9071e-12 5.9603e-12 7.6046e-12 1.0679e-11 3.8576e-12 4.5738e-12 5.114e-12 5.139e-12 1.0081e-11 6.4732e-12 3.1669e-11 5.2887e-12 4.4803e-12 9.9349e-12 1.0978e-11 3.345e-12 6.0815e-12 3.1568e-12 2.283e-12 3.2442e-12 2.3688e-12 1.9341e-12 3.0029e-12 3.2651e-12 2.2268e-12
1.0035e-11 1.358e-11 3.3897e-11 1.2639e-11 1.1934e-11 2.8289e-11 1.0464e-11 2.1633e-11 2.4423e-11 1.0611e-11 1.0713e-11 1.6473e-11 6.4781e-12 9.7758e-12 1.4732e-11 1.2035e-11 1.57e-11 2.0131e-11 2.1092e-11 7.9503e-12 8.4874e-12 1.4281e-11 1.5991e-11 1.8338e-11 5.5015e-12 6.5157e-12 1.0762e-11 2.0984e-12 6.0051e-12 7.6592e-12 4.9414e-12 9.9714e-12 3.6001e-12 5.401e-12 5.9634e-12 4.937e-12 1.3622e-11 6.148e-12 7.6535e-12 5.8044e-12 2.5273e-12 3.0933e-12 2.9008e-11 2.139e-12 3.1674e-12 2.1603e-12 1.499e-12 1.8618e-12
2.3605e-11 2.4024e-11 1.5605e-11 1.3082e-11 1.5402e-11 1.4567e-11 1.3197e-11 9.6162e-12 1.1848e-11 9.9572e-12 1.1277e-11 1.4009e-11 1.0361e-11 9.3177e-12 4.9435e-12 1.0711e-11 9.3841e-12 1.4576e-11 1.5689e-11 9.0517e-12 1.4149e-11 7.0738e-12 8.0597e-12 1.0069e-11 5.8447e-12 9.705e-12 7.7717e-12 4.0337e-12 4.6096e-12 7.2931e-12 2.0463e-11 1.3909e-11 5.4091e-12 4.9937e-12 7.7371e-12 8.3203e-12 1.0619e-11 9.0646e-12 5.4004e-12 3.1021e-11 8.7123e-12 3.7294e-12 5.9257e-12 2.4776e-12 1.4381e-11 2.9173e-12 2.2924e-12 2.7775e-12
1.0606e-11 1.6952e-11 1.6816e-11 1.8819e-11 1.0071e-11 1.1738e-11 1.91e-11 1.0131e-11 2.4972e-11 8.8789e-12 1.2878e-11 1.1825e-11 1.2453e-11 1.2823e-11 1.3653e-11 2.725e-11 9.4242e-12 2.9998e-11 7.6238e-12 1.1749e-11 8.6892e-12 1.2531e-11 8.1066e-12 1.1039e-11 6.8867e-12 9.5942e-12 4.6574e-12 7.5496e-12 6.5881e-12 1.0695e-11 7.73e-12 2.9727e-11 5.735e-12 5.004e-12 7.2609e-12 8.672e-12 3.4067e-12 4.3553e-12 2.6941e-11 9.388e-12 3.3691e-12 3.2007e-12 4.5444e-12 4.0613e-12 2.908e-12 2.6959e-12 4.7356e-12 3.0008e-12
1.6939e-11 1.9894e-11 1.2489e-11 2.792e-11 1.7051e-11 1.0368e-11 1.7137e-11 6.8101e-12 1.4707e-11 2.2464e-11 1.4335e-11 1.0075e-11 1.3742e-11 1.5113e-11 9.3238e-12 1.7073e-11 1.9781e-11 1.7238e-11 1.7383e-11 8.3941e-12 1.2051e-11 9.7052e-12 5.9967e-12 9.6495e-12 2.4132e-11 5.6778e-12 5.7537e-12 1.0217e-11 4.4207e-11 5.7931e-12 1.2012e-11 5.1778e-12 1.1704e-11 4.0824e-12 4.2618e-12 7.0541e-12 5.7709e-12 7.8209e-12 3.0117e-12 2.7431e-12 3.2404e-12 3.3315e-12 2.4372e-12 1.9648e-11 3.8762e-12 1.9008e-12 2.7891e-12 2.312e-12
2.497e-11 2.2598e-11 1.1608e-11 1.2749e-11 1.8349e-11 8.8898e-12 1.2649e-11 1.6189e-11 7.3611e-12 2.0633e-11 2.684e-11 1.0061e-11 1.1299e-11 1.1848e-11 1.0381e-11 1.8465e-11 2.141e-11 1.6401e-11 1.9818e-11 9.2031e-12 1.7935e-11 2.9197e-11 1.4148e-11 1.2061e-11 8.2237e-12 2.3813e-11 7.3099e-12 4.5462e-11 1.5124e-11 9.4884e-12 2.4888e-11 9.2404e-12 2.1508e-11 1.5855e-11 1.1088e-11 5.1378e-12 7.4809e-12 5.4775e-12 3.8303e-12 7.1107e-12 4.6937e-12 1.9151e-12 2.8679e-12 3.8142e-12 3.4751e-12 5.1329e-12 1.8726e-12 3.5125e-12
1.9031e-11 1.0737e-11 2.3909e-11 1.3762e-11 2.0922e-11 2.225e-11 1.5712e-11 6.5735e-12 1.2219e-11 9.7652e-12 2.172e-11 1.9521e-11 1.0125e-11 8.611e-12 1.1088e-11 1.3625e-11 1.6449e-11 9.0278e-12 2.1105e-11 7.1174e-12 3.0134e-11 7.2382e-12 5.8502e-12 7.1927e-12 6.5764e-12 6.1352e-12 6.9871e-12 4.9919e-12 4.3739e-12 8.4869e-12 6.2924e-12 6.6885e-12 8.0406e-12 3.8261e-12 6.4922e-12 2.9941e-11 4.5441e-12 4.6289e-12 3.1286e-12 4.6983e-12 3.1052e-12 3.671e-12 2.0135e-12 3.0612e-12 3.9264e-12 2.1764e-12 2.644e-12 2.9528e-12
1.0362e-11 1.0159e-11 1.9798e-11 1.8832e-11 2.038e-11 1.8036e-11 1.3448e-11 1.7776e-11 1.0639e-11 1.3721e-11 9.343e-12 1.0622e-11 2.164e-11 1.4741e-11 1.5237e-11 1.7879e-11 2.8853e-11 7.7606e-12 7.2359e-12 9.4243e-12 6.481e-12 5.6765e-12 5.0581e-12 7.0628e-12 4.0896e-12 9.0254e-12 1.1342e-11 7.2341e-12 4.2789e-12 4.7851e-12 5.1098e-12 7.3247e-12 8.0344e-12 1.2326e-11 4.9106e-12 8.2718e-12 1.5066e-11 4.0145e-12 3.534e-12 4.2481e-12 5.8841e-12 3.4153e-12 4.0069e-12 4.3492e-12 5.6457e-12 2.3059e-12 2.4443e-12 2.7282e-12
1.2428e-11 2.0002e-11 9.9638e-12 1.0096e-11 1.3246e-11 3.0265e-11 2.3477e-11 2.1028e-11 1.3904e-11 2.626e-11 1.0137e-11 2.6975e-11 1.3633e-11 1.1483e-11 1.9251e-11 2.0249e-11 1.7299e-11 7.0954e-12 1.1559e-11 1.9802e-11 7.5297e-12 9.1846e-12 7.6859e-12 7.8111e-12 4.7139e-12 6.6286e-12 2.3361e-11 7.8566e-12 7.9844e-12 4.0518e-12 4.447e-12 8.4898e-12 8.5618e-12 1.0697e-11 6.6932e-12 4.1552e-12 3.0671e-12 3.8962e-12 3.8368e-12 3.4778e-12 3.6048e-12 6.1469e-12 3.0114e-12 3.9797e-12 3.0645e-12 2.3076e-12 4.3815e-12 2.7762e-12
1.5431e-11 1.423e-11 1.7991e-11 1.5728e-11 8.5004e-12 1.1574e-11 1.969e-11 6.8443e-12 1.3432e-11 1.4529e-11 8.9189e-12 1.1161e-11 1.8178e-11 1.9429e-11 1.7933e-11 6.9763e-12 8.5138e-12 1.7701e-11 1.2964e-11 1.6175e-11 1.0993e-11 9.3191e-12 4.1829e-12 8.9513e-12 8.4877e-12 7.9915e-12 7.3183e-12 1.4705e-11 6.184e-12 2.5988e-11 5.958e-12 8.0492e-12 7.5488e-12 1.0885e-11 5.7337e-12 2.1297e-11 3.2887e-12 3.8834e-12 3.934e-12 4.4244e-12 4.704e-12 2.2816e-12 4.7483e-12 3.5167e-12 6.8436e-12 4.0571e-12 2.2257e-12 4.2068e-12
2.181e-11 2.0355e-11 1.0281e-11 1.4465e-11 1.252e-11 8.2323e-12 1.391e-11 1.077e-11 1.038e-11 8.5567e-12 3.0183e-11 9.8877e-12 9.9602e-12 8.1711e-12 1.0842e-11 2.33e-11 1.5846e-11 1.105e-11 8.3746e-12 1.015e-11 8.9959e-12 4.5225e-12 8.0942e-12 7.694e-12 3.0192e-11 8.0375e-12 4.5497e-12 5.0013e-12 2.3415e-11 5.8656e-12 7.1722e-12 6.5578e-12 8.285e-12 2.7915e-11 7.4136e-12 1.1444e-11 5.4808e-12 4.6718e-12 4.5967e-12 5.1129e-12 3.5587e-12 3.0598e-12 3.9341e-12 2.9019e-12 2.3935e-12 3.3944e-12 2.7545e-12 6.9283e-12
1.3968e-11 1.4451e-11 1.5123e-11 1.0353e-11 1.3522e-11 1.7228e-11 1.395e-11 1.0761e-11 1.4206e-11 1.5335e-11 1.8906e-11 1.2198e-11 1.4823e-11 1.8105e-11 1.9441e-11 1.335e-11 8.3971e-12 8.4935e-12 8.6736e-12 9.0003e-12 4.8152e-12 5.1901e-12 5.4264e-12 7.037e-12 1.0044e-11 6.5066e-12 6.8228e-12 5.0023e-12 7.7559e-12 5.3302e-12 6.8302e-12 1.857e-11 1.2908e-11 5.7061e-12 5.027e-12 5.7681e-12 3.9618e-12 4.7972e-12 5.0305e-12 4.4229e-12 3.4649e-12 2.8119e-12 5.0054e-12 3.8226e-12 2.1696e-12 5.3174e-12 2.1174e-12 2.7863e-12
1.9087e-11 2.0223e-11 1.4707e-11 2.0001e-11 1.5117e-11 1.0667e-11 1.8925e-11 1.2329e-11 1.7789e-11 1.6363e-11 9.565e-12 2.1667e-11 2.2304e-11 8.8807e-12 2.0063e-11 1.9105e-11 1.1867e-11 2.6349e-11 1.5303e-11 4.7175e-12 1.4067e-11 6.0809e-12 1.1705e-11 7.849e-12 6.5937e-12 7.8151e-12 4.2774e-12 5.3178e-12 8.3457e-12 6.8683e-12 5.2223e-12 4.8811e-12 5.8075e-12 7.0199e-12 7.6165e-12 1.1583e-11 4.9874e-12 6.8478e-12 1.625e-11 3.9906e-12 3.3046e-12 4.5716e-12 2.8091e-12 6.9126e-12 3.8583e-12 2.1459e-12 2.5309e-12 2.5641e-12
2.826e-11 2.6496e-11 2.7344e-11 1.9775e-11 1.2462e-11 2.1758e-11 8.9767e-12 1.7498e-11 1.2487e-11 1.1816e-11 1.7987e-11 9.043e-12 1.9894e-11 7.7607e-12 1.1537e-11 2.7536e-11 1.449e-11 1.0538e-11 1.912e-11 9.3023e-12 1.217e-11 8.4615e-12 2.1646e-11 1.1568e-11 5.1569e-12 6.521e-12 5.7552e-12 4.1895e-12 5.6472e-12 5.3471e-12 3.3702e-11 1.9991e-11 5.1229e-12 6.1238e-12 5.624e-12 5.4913e-12 6.8919e-12 4.3629e-12 3.9465e-12 3.8314e-12 3.1123e-12 2.9893e-12 3.6698e-12 3.6179e-12 4.3045e-12 2.7936e-12 1.8614e-12 7.1671e-12
1.4893e-11 2.1336e-11 1.561e-11 1.7197e-11 1.635e-11 2.4221e-11 1.8286e-11 1.1434e-11 2.9535e-11 1.1767e-11 9.9552e-12 2.9014e-11 1.512e-11 1.1755e-11 1.0526e-11 1.8796e-11 2.1958e-11 2.9511e-11 1.484e-11 1.0962e-11 8.9747e-12 2.5533e-11 6.4802e-12 9.1434e-12 7.4873e-12 2.3349e-11 5.7728e-12 6.3265e-12 7.1512e-12 4.5774e-12 4.5643e-12 7.6914e-12 3.8049e-12 5.6251e-12 5.619e-12 2.5437e-11 5.1528e-12 5.6431e-12 5.4738e-12 3.8889e-12 5.1014e-12 4.2558e-12 2.1346e-12 3.1684e-12 2.5307e-12 3.0785e-12 2.3618e-12 2.4628e-12
2.2707e-11 1.8683e-11 1.8148e-11 2.5213e-11 1.961e-11 2.1274e-11 2.1049e-11 1.3918e-11 1.9472e-11 1.0727e-11 9.5167e-12 1.4821e-11 1.8735e-11 1.064e-11 2.6893e-11 3.0892e-11 2.6809e-11 7.2015e-12 7.617e-12 8.9628e-12 7.6356e-12 5.3844e-12 1.2528e-11 5.861e-12 9.2034e-12 9.8226e-12 2.7957e-11 5.8467e-12 4.7138e-12 4.19e-12 8.2557e-12 9.1749e-12 4.9071e-12 1.0975e-11 8.3038e-12 4.341e-12 3.0346e-12 3.5955e-12 2.9901e-11 3.7649e-12 3.4323e-12 2.9351e-12 3.5838e-12 2.8446e-12 5.9437e-12 3.5921e-12 3.1868e-12 3.6865e-12
2.4217e-11 1.7678e-11 8.4619e-12 1.6194e-11 1.1932e-11 2.7107e-11 1.1457e-11 1.0758e-11 1.0104e-11 1.3766e-11 1.7897e-11 1.5029e-11 8.9358e-12 2.9081e-11 1.171e-11 3.0101e-11 1.5416e-11 1.6776e-11 2.3948e-11 1.3996e-11 2.018e-11 1.4923e-11 1.4086e-11 4.7409e-12 6.7643e-12 6.147e-12 5.5755e-12 3.9411e-12 3.9378e-12 4.4712e-12 4.5182e-12 7.0859e-12 4.9679e-12 9.0893e-12 7.1266e-12 4.2003e-12 3.4666e-11 5.093e-12 7.296e-12 3.8143e-12 3.7523e-12 3.7611e-12 2.5822e-12 3.179e-12 1.985e-12 1.9103e-12 1.5859e-12 2.4302e-12
1.4676e-10 1.7239e-10 1.5155e-10 1.4861e-11 1.6764e-11 1.6667e-11 1.7069e-11 9.4387e-12 2.6435e-11 1.2027e-11 7.6514e-12 9.5982e-12 1.5275e-11 1.9434e-11 8.7555e-12 2.1877e-11 9.5316e-12 2.9741e-11 1.0193e-11 1.6287e-11 5.1279e-12 5.3295e-12 2.8784e-11 1.6797e-11 3.2956e-12 6.4487e-12 9.2597e-12 3.4263e-12 2.3859e-12 3.4178e-12 9.2996e-12 5.1423e-12 1.7466e-11 5.216e-12 7.497e-12 9.5788e-12 4.085e-12 2.1629e-11 4.28e-12 5.0176e-12 3.2556e-12 3.1038e-12 4.1205e-12 3.1769e-12 2.2344e-12 2.8914e-12 2.2133e-12 2.1065e-12
2.6583e-11 2.8741e-11 1.8295e-11 1.6839e-11 9.9992e-12 2.1508e-11 8.7481e-12 1.2283e-11 1.0406e-11 1.6236e-11 1.3018e-11 1.5054e-11 7.4579e-12 1.6801e-11 1.2222e-11 9.6304e-12 1.2731e-11 9.4271e-12 1.767e-11 1.0263e-11 1.0134e-11 1.4327e-11 7.3859e-12 1.6551e-11 5.7876e-12 9.4806e-12 8.9946e-12 3.2736e-12 7.7937e-12 1.4601e-11 3.5746e-12 6.4278e-12 4.1667e-12 2.3833e-11 3.9987e-12 7.8596e-12 4.2828e-12 5.821e-12 3.5269e-12 3.9115e-12 4.7889e-12 2.4962e-12 3.1115e-12 2.9355e-12 2.6251e-12 3.3504e-12 2.2282e-12 2.3232e-12
2.6897e-11 1.6934e-11 2.1891e-11 2.6052e-11 2.3761e-11 1.2313e-11 1.4195e-11 2.2323e-11 1.415e-11 1.1942e-11 1.5908e-11 1.7664e-11 1.6908e-11 1.1547e-11 1.972e-11 1.1456e-11 2.7729e-11 7.1394e-12 6.1132e-12 2.8345e-11 8.2642e-12 7.5966e-12 8.3618e-12 7.2262e-12 7.6199e-12 1.0635e-11 6.809e-12 2.9506e-11 4.9976e-12 7.8879e-12 5.1922e-12 8.8363e-12 5.5027e-12 4.6418e-12 4.4499e-12 5.4465e-12 5.6672e-12 6.1928e-12 2.8124e-11 4.1286e-12 3.2037e-12 3.1175e-12 3.9179e-12 3.66e-12 2.6867e-12 2.9094e-12 2.471e-12 2.2548e-12
1.8036e-11 1.2687e-11 2.0421e-11 1.2922e-11 1.4896e-11 9.6133e-12 1.4087e-11 1.0356e-11 8.9855e-12 1.0478e-11 8.7834e-12 1.5964e-11 1.612e-11 1.5465e-11 1.8696e-11 2.3729e-11 8.9018e-12 2.1608e-11 1.1072e-11 5.297e-12 9.946e-12 5.7785e-12 7.212e-12 7.1811e-12 4.8155e-12 4.019e-12 6.5115e-12 6.1586e-12 3.8042e-12 7.6234e-12 3.9305e-12 5.3568e-12 6.3766e-12 4.7262e-12 4.9746e-12 8.2166e-12 7.9258e-12 4.7223e-12 4.7384e-12 7.0367e-12 3.672e-12 1.5582e-11 2.8365e-12 3.9129e-12 3.2688e-12 2.3885e-12 2.8087e-12 2.709e-12
3.1109e-11 1.2499e-11 2.5722e-11 1.1583e-11 1.6966e-11 2.0712e-11 9.1738e-12 1.5934e-11 1.061e-11 7.2838e-12 2.2754e-11 1.7564e-11 1.0033e-11 7.0628e-12 2.7616e-11 1.6555e-11 1.3801e-11 2.8609e-11 1.2334e-11 1.3146e-11 1.7861e-11 7.7698e-12 1.3332e-11 8.4082e-12 3.0481e-11 3.9214e-12 5.1692e-12 6.7001e-12 4.7523e-12 7.9052e-12 4.4105e-12 8.5382e-12 3.9299e-12 4.6659e-12 6.4828e-12 1.963e-11 3.7559e-12 2.9665e-12 4.9543e-12 5.5978e-12 4.6784e-12 4.5082e-12 2.7547e-12 4.5812e-12 3.5206e-12 2.7953e-12 2.3798e-12 3.3565e-12
1.8022e-11 1.8126e-11 1.4496e-11 1.0093e-11 1.0842e-11 9.7005e-12 1.2614e-11 2.1407e-11 1.4006e-11 3.0161e-11 2.3079e-11 1.361e-11 1.3323e-11 6.9831e-12 2.4804e-11 1.0046e-11 2.1906e-11 1.7687e-11 1.3159e-11 6.7095e-12 7.8388e-12 1.3663e-11 8.2449e-12 8.6235e-12 5.5616e-12 1.3123e-11 6.907e-12 6.0652e-12 5.3665e-12 5.4592e-12 2.9708e-11 4.8506e-12 4.8004e-12 3.858e-12 5.2938e-12 7.8122e-12 5.3275e-12 7.0462e-12 5.3321e-12 2.727e-12 4.08e-12 3.4981e-12 4.1698e-12 2.9072e-11 2.9037e-12 2.1714e-12 2.9138e-12 2.325e-12
9.5841e-12 1.4864e-11 2.1937e-11 1.3634e-11 3.0626e-11 1.4377e-11 8.3136e-12 1.5577e-11 1.7841e-11 8.4713e-12 1.7865e-11 1.1571e-11 1.7226e-11 1.5553e-11 1.4017e-11 2.0881e-11 6.3319e-12 8.8754e-12 6.1414e-12 8.8442e-12 2.8665e-11 5.9169e-12 4.9557e-12 1.6118e-11 8.7536e-12 6.0878e-12 5.0829e-12 4.874e-12 5.0405e-12 8.4103e-12 7.7801e-12 6.565e-12 2.4476e-11 6.3703e-12 4.2765e-12 1.3579e-11 1.8554e-11 4.3023e-12 2.5047e-11 3.8092e-12 3.2358e-12 4.0102e-12 3.168e-12 3.2772e-12 3.1024e-12 2.6183e-12 1.9843e-11 3.1025e-12
2.2269e-11 1.5556e-11 1.4976e-11 2.2999e-11 9.9584e-12 1.8377e-11 9.8596e-12 1.2325e-11 1.5193e-11 1.192e-11 1.4427e-11 1.1135e-11 1.6262e-11 1.2783e-11 1.1649e-11 1.5611e-11 2.3858e-11 5.5536e-12 1.506e-11 1.1709e-11 6.9919e-12 8.3855e-12 5.0609e-12 6.0421e-12 6.8681e-12 8.7771e-12 3.122e-11 5.5442e-12 1.8003e-11 8.4704e-12 6.6179e-12 6.5996e-12 6.4415e-12 6.2236e-12 4.3787e-12 4.6367e-12 5.2666e-12 5.5472e-12 1.0712e-11 6.3568e-12 3.4687e-12 3.808e-12 6.3843e-12 6.0123e-12 3.6352e-12 3.2823e-12 2.6604e-12 2.8786e-12
1.3591e-11 9.1429e-12 2.2904e-11 1.3845e-11 1.0812e-11 1.7298e-11 9.7786e-12 2.3087e-11 1.0004e-11 3.3295e-11 1.1409e-11 1.4304e-11 1.6872e-11 2.8074e-11 1.7965e-11 1.9366e-11 1.8512e-11 6.4433e-12 6.5417e-12 9.5539e-12 1.3351e-11 1.9893e-11 9.8064e-12 7.1559e-12 9.4991e-12 1.134e-11 4.6854e-12 8.1891e-12 8.6683e-12 4.8687e-12 7.0606e-12 3.7137e-11 7.3927e-12 1.2559e-11 6.2725e-12 5.8413e-12 1.6593e-11 5.5021e-12 1.4446e-11 2.7642e-12 6.016e-12 3.7902e-12 1.9265e-11 5.1448e-12 2.9601e-12 3.4016e-12 4.0201e-12 3.5825e-12
1.214e-11 1.838e-11 1.3086e-11 2.0154e-11 3.2136e-11 2.4971e-11 1.4718e-11 1.7122e-11 2.9161e-11 1.297e-11 1.4407e-11 1.3889e-11 1.0579e-11 3.2728e-11 2.2036e-11 2.3752e-11 1.3044e-11 8.8652e-12 9.7736e-12 1.0795e-11 1.0849e-11 9.0127e-12 1.0538e-11 7.6347e-12 6.6872e-12 7.1717e-12 8.829e-12 4.6474e-12 3.3804e-11 4.8716e-12 4.6773e-12 5.0825e-12 6.0357e-12 7.7959e-12 6.8708e-12 8.6185e-12 4.8703e-12 5.5049e-12 3.9478e-12 3.6285e-12 5.2106e-12 3.8066e-12 3.2347e-12 3.709e-12 2.3506e-12 3.4398e-12 3.6704e-12 2.4254e-12
2.7115e-11 1.7202e-11 1.8537e-11 1.8724e-11 1.9511e-11 2.2335e-11 1.2283e-11 1.5048e-11 1.4483e-11 1.6183e-11 2.1525e-11 1.9623e-11 1.6728e-11 1.5294e-11 1.0489e-11 1.4255e-11 1.0706e-11 1.1395e-11 8.3465e-12 8.0719e-12 1.0811e-11 2.4081e-11 4.9444e-12 8.0728e-12 5.0222e-12 5.773e-12 5.9539e-12 7.4111e-12 6.4018e-12 7.9033e-12 3.1296e-11 4.7889e-12 6.4815e-12 7.6189e-12 7.5875e-12 7.8015e-12 3.2316e-12 4.536e-12 4.1215e-12 3.905e-12 3.5273e-12 2.8853e-12 2.7946e-12 3.4249e-12 3.303e-12 5.1779e-12 2.3967e-12 2.6837e-12
2.0918e-11 1.3942e-11 2.1717e-11 2.5854e-11 1.0481e-11 9.1961e-12 1.6196e-11 2.7105e-11 1.7263e-11 1.2648e-11 9.2907e-12 9.7029e-12 2.3272e-11 1.0229e-11 1.7436e-11 1.5328e-11 1.9167e-11 8.9819e-12 1.7156e-11 8.8643e-12 1.8216e-11 1.9055e-11 7.3888e-12 2.0977e-11 5.7555e-12 5.1998e-12 5.2947e-12 5.2193e-12 4.938e-12 5.4566e-12 9.8487e-12 7.4112e-12 5.449e-12 4.6367e-12 4.4629e-12 6.7437e-12 5.8901e-12 7.6625e-12 3.913e-12 3.3901e-12 3.0297e-12 2.8555e-12 3.7487e-12 2.6927e-12 7.9553e-12 2.3874e-12 2.1675e-12 2.5599e-12
1.4805e-11 1.3987e-11 1.4715e-11 1.68e-11 2.1139e-11 1.7957e-11 1.5715e-11 1.0923e-11 9.7282e-12 1.3283e-11 2.0069e-11 1.1584e-11 9.2179e-12 7.4356e-12 1.6333e-11 8.1949e-12 8.4757e-12 1.886e-11 1.5067e-11 1.4548e-11 1.0099e-11 1.2124e-11 1.1625e-11 8.1882e-12 6.6661e-12 8.6343e-12 4.702e-12 5.3345e-12 1.6906e-11 5.9964e-12 2.4351e-11 6.8753e-12 3.869e-12 4.613e-12 5.7204e-12 3.6953e-12 5.2473e-12 5.0428e-12 3.7129e-12 4.2358e-12 4.0253e-12 1.9646e-12 3.0218e-12 2.6129e-12 3.0264e-12 2.7537e-12 2.4909e-11 3.9296e-12
1.8637e-11 1.8693e-11 1.1695e-11 1.6456e-11 8.7378e-12 1.0959e-11 1.2113e-11 1.083e-11 1.431e-11 1.5519e-11 3.4345e-11 8.9283e-12 1.4169e-11 1.8441e-11 1.7921e-11 1.2411e-11 8.154e-12 1.6075e-11 1.6672e-11 2.1309e-11 1.226e-11 7.424e-12 9.3416e-12 4.9872e-12 8.0411e-12 6.2165e-12 4.816e-12 4.6744e-12 9.3125e-12 5.2341e-12 2.9955e-11 5.9843e-12 4.15e-12 4.7338e-12 1.1067e-11 1.3732e-11 4.6618e-12 4.9857e-12 3.3972e-12 4.3388e-12 3.2053e-12 3.1785e-12 3.9376e-12 4.3356e-12 3.2032e-12 5.1121e-12 5.8868e-12 1.8061e-11
1.7819e-11 2.9219e-11 1.3196e-11 1.5036e-11 2.0958e-11 2.1167e-11 9.4041e-12 8.5871e-12 1.2497e-11 1.1084e-11 1.8405e-11 2.0444e-11 1.7114e-11 2.2487e-11 1.4283e-11 9.0388e-12 9.189e-12 2.0858e-11 1.1153e-11 1.6239e-11 5.5175e-12 5.9255e-12 6.6464e-12 8.1963e-12 1.992e-11 6.5505e-12 5.7792e-12 7.0531e-12 4.1916e-12 8.003e-12 5.2882e-12 4.299e-12 6.3079e-12 6.5509e-12 5.14e-12 5.3716e-12 6.84e-12 3.5361e-12 4.9663e-12 8.5182e-12 5.2155e-12 3.5878e-12 3.0675e-12 2.8987e-12 5.7613e-12 2.2798e-12 5.9953e-12 3.879e-12
2.9223e-11 1.3746e-11 2.8576e-11 1.3649e-11 8.7311e-12 2.4503e-11 1.1482e-11 1.0016e-11 1.2277e-11 1.4824e-11 1.445e-11 8.2792e-12 2.6672e-11 6.4192e-12 2.3651e-11 8.6774e-12 1.6195e-11 1.9742e-11 9.24e-12 1.1033e-11 1.1543e-11 1.0984e-11 1.264e-11 5.7653e-12 4.9416e-12 7.8839e-12 5.1506e-12 5.1097e-12 8.9766e-12 3.5096e-12 9.3918e-12 6.3399e-12 5.4427e-12 4.4716e-12 4.4633e-12 3.3273e-11 1.0983e-11 1.2299e-11 3.8261e-12 6.2652e-12 3.0124e-11 3.44e-12 4.2669e-12 2.635e-12 2.8758e-12 2.1773e-12 2.5134e-12 2.9222e-12
1.4753e-10 1.4745e-10 2.2051e-11 3.4537e-11 1.8473e-11 2.5445e-11 1.5549e-11 1.1176e-11 2.1812e-11 1.4659e-11 1.8968e-11 1.2147e-11 1.0087e-11 7.9741e-12 1.5949e-11 1.4007e-11 1.1042e-11 2.841e-11 2.0808e-11 1.1488e-11 5.0093e-12 4.5533e-12 1.2357e-11 2.5238e-11 9.8616e-12 7.9197e-12 3.9472e-12 3.015e-12 2.5283e-12 3.8033e-12 1.955e-11 2.4649e-11 2.603e-11 4.9202e-12 2.5841e-11 9.0183e-12 4.9333e-12 4.6283e-12 1.429e-11 4.5034e-12 2.6746e-12 3.789e-11 3.7648e-12 2.6519e-12 2.4854e-12 1.6549e-12 1.8868e-12 1.7109e-12
2.233e-11 2.2356e-11 1.4822e-11 9.5029e-12 1.5207e-11 1.2833e-11 1.5306e-11 1.4201e-11 1.1304e-11 1.9045e-11 1.5382e-11 1.6015e-11 1.9108e-11 1.0051e-11 3.2728e-11 1.3375e-11 1.4509e-11 1.4788e-11 2.1968e-11 1.2534e-11 7.375e-12 7.6362e-12 5.8608e-12 4.6838e-12 5.9538e-12 7.6667e-12 5.2591e-12 5.8834e-12 5.8319e-12 6.8818e-12 1.4789e-11 5.9862e-12 5.8345e-12 1.4726e-11 5.1472e-12 4.929e-12 6.0884e-12 5.4247e-12 4.1164e-12 3.0239e-12 3.5231e-11 3.8522e-12 2.9085e-12 2.9435e-12 3.7889e-12 2.5434e-12 2.2284e-12 2.2208e-12
1.9377e-11 3.3843e-11 1.1607e-11 1.5076e-11 1.0948e-11 6.319e-12 1.0259e-11 2.0114e-11 1.1556e-11 8.8219e-12 1.2202e-11 1.8437e-11 1.7533e-11 1.9473e-11 2.6495e-11 1.0796e-11 1.3665e-11 1.6074e-11 2.2001e-11 6.3147e-12 9.5436e-12 1.5425e-11 9.0529e-12 9.8163e-12 8.8584e-12 9.8935e-12 2.4208e-11 1.2161e-11 1.6069e-11 7.5385e-12 8.7166e-12 5.0543e-12 5.8902e-12 1.0309e-11 6.6942e-12 4.7416e-12 6.0021e-12 1.3142e-11 4.7095e-12 4.0265e-12 3.0551e-12 2.7949e-12 2.7048e-12 3.0594e-12 4.7953e-12 3.6858e-12 4.2018e-12 3.2485e-12
1.3863e-11 1.2472e-11 9.4778e-12 2.342e-11 9.2088e-12 9.9167e-12 1.2848e-11 1.0437e-11 1.1884e-11 1.1598e-11 2.5244e-11 2.2534e-11 1.8824e-11 8.62e-12 3.3296e-11 1.1325e-11 6.889e-12 1.6e-11 1.3386e-11 7.138e-12 1.0284e-11 8.439e-12 5.1116e-12 9.522e-12 9.0398e-12 5.0504e-12 1.0545e-11 4.9365e-12 5.2861e-12 6.2398e-12 5.2568e-12 7.1615e-12 2.0335e-11 5.3042e-12 6.2496e-12 9.4095e-12 1.0722e-11 3.9666e-12 3.6436e-12 5.5097e-12 4.555e-12 2.3689e-11 2.6303e-12 2.222e-12 6.3875e-12 2.1555e-12 2.2022e-12 2.0873e-12
2.372e-11 1.7443e-11 1.4835e-11 1.2322e-11 1.5693e-11 1.8494e-11 2.0548e-11 9.3595e-12 7.5898e-12 9.3599e-12 1.098e-11 6.8842e-12 1.6017e-11 6.2438e-12 1.8499e-11 6.4045e-12 1.3763e-11 1.0126e-11 9.679e-12 2.0909e-11 1.746e-11 7.9566e-12 1.2937e-11 8.2141e-12 7.2982e-12 6.0013e-12 5.874e-12 6.4838e-12 5.5184e-12 4.3132e-12 7.2177e-12 8.0362e-12 5.3267e-12 1.6236e-11 6.1199e-12 3.6853e-12 5.6631e-12 4.4811e-12 5.673e-12 4.6641e-12 7.0228e-12 2.6898e-12 3.4386e-12 3.2091e-12 2.0319e-12 2.8186e-12 2.2338e-12 4.7869e-12
2.2927e-11 1.2685e-11 1.2811e-11 1.4401e-11 1.362e-11 1.3961e-11 1.8005e-11 7.9001e-12 8.8996e-12 2.2182e-11 1.969e-11 1.3769e-11 1.7136e-11 1.2839e-11 1.3691e-11 9.8547e-12 1.567e-11 9.8684e-12 1.2478e-11 3.5639e-12 3.6319e-11 5.9919e-12 8.1384e-12 8.2234e-12 7.9225e-12 7.591e-12 6.5847e-12 5.4635e-12 2.2901e-11 7.3128e-12 5.502e-12 7.0458e-12 3.7426e-12 3.7978e-11 4.9448e-12 7.1383e-12 6.929e-12 4.7716e-12 3.0071e-12 9.9101e-12 6.1445e-12 4.0758e-12 2.1532e-12 3.0966e-12 2.4109e-12 2.6391e-12 2.0285e-12 3.7656e-12
1.7538e-11 9.318e-12 1.0138e-11 1.0309e-11 2.2769e-11 1.3972e-11 2.2322e-11 1.7789e-11 1.3953e-11 1.2547e-11 1.5798e-11 2.5471e-11 8.9133e-12 1.164e-11 1.0538e-11 9.78e-12 1.6164e-11 6.6875e-12 8.824e-12 1.2272e-11 7.0897e-12 8.1259e-12 7.7278e-12 5.9182e-12 2.164e-11 5.4787e-12 1.3418e-11 8.64e-12 2.225e-11 4.2111e-12 7.1116e-12 5.0128e-12 6.6726e-12 2.7231e-11 1.3334e-11 4.6264e-12 1.0807e-11 2.5711e-11 3.6474e-12 4.3142e-12 3.7049e-12 2.6733e-11 2.2463e-12 2.9471e-12 2.312e-12 2.9312e-12 3.5157e-12 2.9794e-12
8.7524e-12 1.5e-11 1.583e-11 1.048e-11 1.1023e-11 1.2182e-11 1.407e-11 7.352e-12 1.3415e-11 2.7008e-11 2.1302e-11 1.7943e-11 1.963e-11 1.2609e-11 2.203e-11 7.8639e-12 1.0566e-11 6.9781e-12 1.5294e-11 8.3059e-12 6.1831e-12 8.0443e-12 4.4004e-12 9.2118e-12 6.805e-12 1.2372e-11 8.8629e-12 4.7546e-12 8.6194e-12 5.9941e-12 6.4483e-12 8.455e-12 6.7214e-12 5.2629e-12 3.8948e-12 4.3565e-12 4.4063e-12 5.3805e-12 5.3615e-12 1.7361e-11 2.511e-12 4.0764e-12 5.8664e-12 1.9895e-12 2.9205e-12 3.3025e-12 3.1518e-12 2.4996e-12
1.19e-11 2.2883e-11 1.3669e-11 2.7976e-11 1.213e-11 8.8727e-12 7.932e-12 1.4811e-11 1.0924e-11 1.3348e-11 1.656e-11 1.3138e-11 8.7983e-12 9.7952e-12 1.8371e-11 2.3763e-11 8.5399e-12 1.6662e-11 7.5145e-12 1.1435e-11 9.9864e-12 8.6993e-12 7.8662e-12 8.7705e-12 5.4048e-12 5.7369e-12 4.2734e-12 2.3672e-11 5.9033e-12 1.0521e-11 1.0888e-11 8.5475e-12 7.4798e-12 7.1613e-12 4.2697e-12 4.2119e-12 3.2346e-12 4.0705e-12 3.0665e-12 3.0634e-12 4.1233e-12 5.2849e-12 4.8675e-12 3.2367e-12 3.9374e-12 4.2486e-12 2.3547e-12 2.3726e-11
1.5628e-11 1.439e-11 1.7204e-11 1.269e-11 1.2244e-11 1.3156e-11 9.989e-12 8.6118e-12 1.7499e-11 1.7826e-11 1.4358e-11 1.1914e-11 1.1296e-11 1.077e-11 1.3616e-11 1.622e-11 1.237e-11 7.2798e-12 8.4525e-12 7.2791e-12 1.2713e-11 6.9648e-12 6.8345e-12 1.2854e-11 1.9752e-11 5.4171e-12 4.7163e-12 5.1031e-12 7.3947e-12 6.698e-12 7.4839e-12 7.3477e-12 6.1137e-12 5.5996e-12 4.6413e-12 4.1187e-12 5.2345e-12 3.7482e-11 5.3772e-12 3.5386e-12 3.3828e-12 3.9675e-12 3.199e-12 3.8255e-12 3.6577e-12 3.2488e-12 4.0658e-12 2.3079e-12
1.3695e-11 2.0586e-11 1.1577e-11 1.4437e-11 1.1024e-11 1.0323e-11 1.8404e-11 1.5727e-11 1.4942e-11 1.5987e-11 1.8491e-11 1.1209e-11 1.3858e-11 1.5448e-11 1.7994e-11 8.555e-12 8.4213e-12 5.8573e-12 7.0757e-12 1.2098e-11 8.7262e-12 6.8441e-12 8.4359e-12 7.5631e-12 2.995e-11 4.9508e-12 1.2683e-11 5.8285e-12 2.0614e-11 2.0148e-11 2.4695e-11 5.5628e-12 8.0912e-12 9.3281e-12 4.9163e-12 3.6336e-11 4.31e-12 3.5853e-12 5.0596e-12 6.0362e-12 2.6279e-12 3.3607e-12 2.7562e-12 2.2321e-12 2.8524e-11 2.1848e-12 4.6287e-12 3.1071e-12
2.1375e-11 2.5299e-11 1.6396e-11 1.2443e-11 9.2261e-12 7.5184e-12 1.5429e-11 1.1788e-11 1.5912e-11 1.5313e-11 1.2e-11 1.0929e-11 9.9603e-12 2.5072e-11 1.1821e-11 3.0352e-11 3.1552e-11 9.2428e-12 1.7282e-11 8.9284e-12 5.64e-12 9.3999e-12 9.5481e-12 7.024e-12 4.3189e-12 6.0175e-12 7.276e-12 4.2723e-12 2.9435e-11 5.4637e-12 7.3956e-12 1.0625e-11 8.9791e-12 4.9069e-12 1.1717e-11 7.6461e-12 6.5113e-12 1.2144e-11 3.4232e-12 3.4203e-12 1.508e-11 3.498e-12 3.9075e-12 2.9926e-12 2.3326e-12 2.0977e-12 3.5912e-12 2.584e-12
2.557e-11 1.3784e-11 2.272e-11 1.7189e-11 2.0629e-11 1.7212e-11 1.5804e-11 2.2573e-11 1.4338e-11 1.2471e-11 1.32e-11 2.9019e-11 8.4544e-12 1.1688e-11 1.2287e-11 1.138e-11 9.6325e-12 2.4497e-11 1.1229e-11 1.1506e-11 1.7894e-11 1.0829e-11 9.4752e-12 5.9575e-12 6.0563e-12 8.9896e-12 5.3521e-12 5.853e-12 6.077e-12 4.7357e-12 5.2873e-12 6.1624e-12 5.6186e-12 8.836e-12 1.4917e-11 4.5391e-12 4.9368e-12 3.9082e-12 3.0651e-12 3.7873e-12 2.9357e-12 3.242e-12 2.7851e-12 2.4788e-12 2.3649e-12 2.365e-12 2.0969e-12 1.9178e-12
1.6971e-11 1.5376e-11 1.5727e-11 2.1472e-11 1.2224e-11 8.3055e-12 2.434e-11 9.4555e-12 1.0383e-11 1.9545e-11 1.1796e-11 1.4884e-11 9.5041e-12 1.3411e-11 8.1656e-12 9.0134e-12 1.5992e-11 1.9294e-11 2.0284e-11 1.7099e-11 7.5393e-12 6.8727e-12 8.0289e-12 6.5725e-12 7.1838e-12 2.8215e-11 1.1968e-11 5.5379e-12 5.3958e-12 9.4773e-12 5.5532e-12 1.2312e-11 4.7311e-12 4.4935e-12 5.7275e-12 5.5584e-12 4.6891e-12 5.6731e-12 8.9677e-12 5.5754e-12 4.5965e-12 3.8074e-12 2.4733e-12 4.4568e-12 4.9515e-12 3.4681e-12 4.1063e-12 3.5574e-11
1.0831e-11 1.8079e-11 1.0853e-11 1.6722e-11 1.3434e-11 1.1964e-11 1.1283e-11 1.0831e-11 1.2573e-11 8.8729e-12 1.1269e-11 1.5915e-11 1.6561e-11 1.3443e-11 1.6583e-11 2.4137e-11 6.0134e-12 2.5792e-11 1.4954e-11 1.2686e-11 5.1552e-12 7.5255e-12 9.777e-12 8.6766e-12 4.9638e-12 6.5196e-12 5.5415e-12 5.5197e-12 2.7947e-11 1.0276e-11 7.0905e-12 1.176e-11 9.9073e-12 4.7277e-12 1.2404e-11 4.9222e-12 5.8162e-12 4.1153e-12 5.6239e-12 3.1393e-12 3.359e-12 5.9995e-12 3.0341e-12 4.3052e-12 2.6228e-12 2.3933e-12 3.2167e-12 1.8809e-12
1.9253e-11 2.2286e-11 1.3937e-11 1.5735e-11 1.7487e-11 1.2448e-11 9.1661e-12 2.0863e-11 1.9289e-11 1.8749e-11 1.5819e-11 1.5746e-11 7.2895e-12 1.9666e-11 1.711e-11 1.0649e-11 1.6144e-11 1.1954e-11 1.2057e-11 7.4867e-12 6.5748e-12 9.2458e-12 1.4247e-11 2.0712e-11 7.1836e-12 1.9845e-11 7.3576e-12 5.8443e-12 4.1953e-12 3.5426e-12 4.7355e-12 1.1354e-11 4.6684e-12 7.5606e-12 2.5334e-11 7.5286e-12 8.9171e-12 5.6121e-12 5.2866e-12 3.559e-12 5.0031e-12 2.0677e-12 5.7645e-12 2.441e-12 1.7761e-11 1.6936e-12 3.3623e-12 2.2626e-12
5.057e-11 2.3105e-11 6.1137e-11 2.0225e-11 2.6182e-11 4.5509e-11 1.0283e-11 1.0711e-11 2.4902e-11 9.439e-12 7.6011e-12 1.6971e-11 2.2389e-11 1.1478e-11 2.4986e-11 1.0344e-11 1.7617e-11 1.7629e-11 1.37e-11 2.111e-11 8.6556e-12 6.3079e-12 1.9232e-11 2.3962e-11 2.2786e-11 1.0441e-11 3.2758e-12 8.6142e-12 3.7145e-12 6.3035e-12 4.4172e-12 4.5865e-12 7.4395e-12 9.364e-12 6.4018e-12 7.3233e-12 6.5575e-12 6.8762e-12 1.9966e-11 8.1732e-12 3.4698e-12 3.9647e-12 4.0138e-12 2.5825e-12 2.4338e-12 2.1761e-12 1.9458e-12 2.1517e-12
2.4887e-11 1.6985e-11 1.4707e-11 1.7597e-11 1.7784e-11 1.6825e-11 9.9395e-12 7.7529e-12 1.8414e-11 1.0638e-11 1.4259e-11 1.3911e-11 9.8909e-12 1.0678e-11 1.1107e-11 9.2385e-12 9.5691e-12 1.6076e-11 1.7109e-11 1.2372e-11 2.073e-11 6.7478e-12 1.8578e-11 2.487e-11 2.8991e-11 4.4224e-12 4.8292e-12 6.2057e-12 2.0802e-11 3.9022e-12 8.539e-12 1.5341e-11 5.2502e-12 5.0125e-12 5.6958e-12 3.8554e-12 4.0797e-12 8.6009e-12 4.63e-12 4.1387e-12 4.8014e-12 4.1398e-11 3.0145e-12 2.6059e-12 1.9533e-12 2.3345e-12 1.4256e-12 2.4605e-12
1.2248e-11 1.4855e-11 8.4368e-12 1.9856e-11 9.5262e-12 9.1864e-12 1.2991e-11 1.2617e-11 1.9231e-11 2.2532e-11 1.8195e-11 1.2763e-11 1.8669e-11 1.3672e-11 2.472e-11 2.8337e-11 1.8574e-11 9.5114e-12 1.3181e-11 8.0722e-12 2.1747e-11 2.6133e-11 1.0822e-11 2.4564e-11 7.2848e-12 7.5657e-12 6.8413e-12 6.8393e-12 6.0117e-12 5.451e-12 4.8531e-12 4.6623e-12 2.6644e-11 1.4372e-11 5.9142e-12 4.9754e-12 4.4292e-12 2.7474e-12 5.91e-12 3.3999e-12 4.1036e-12 1.843e-11 4.6388e-12 4.4876e-12 6.1482e-12 3.5382e-12 3.1447e-12 2.0348e-12
1.4327e-11 2.4188e-11 1.8218e-11 1.5033e-11 1.0145e-11 8.6344e-12 9.4014e-12 8.2905e-12 1.3775e-11 7.718e-12 8.746e-12 1.0272e-11 1.4704e-11 1.0148e-11 9.8342e-12 1.3506e-11 2.9531e-11 1.4416e-11 1.4642e-11 2.1562e-11 7.1526e-12 6.5519e-12 7.9466e-12 1.8147e-11 6.0633e-12 6.6899e-12 6.3121e-12 8.3275e-12 5.5515e-12 1.1016e-11 4.4865e-12 6.3649e-12 7.2392e-12 4.3135e-12 7.1137e-12 3.0868e-11 5.2654e-12 5.5582e-12 4.169e-12 3.5951e-12 2.1354e-11 7.1545e-12 3.4663e-12 2.7169e-12 2.3185e-12 2.6332e-12 2.9524e-12 2.3088e-12
2.3451e-11 1.7055e-11 2.2398e-11 1.8963e-11 1.3977e-11 2.2299e-11 2.5389e-11 1.3928e-11 2.3721e-11 1.3282e-11 2.6065e-11 2.0145e-11 1.3442e-11 8.6773e-12 1.077e-11 1.6484e-11 1.4561e-11 1.1612e-11 2.4504e-11 1.1717e-11 8.971e-12 9.0625e-12 1.0105e-11 6.3337e-12 9.0637e-12 8.7397e-12 9.8869e-12 6.506e-12 3.6052e-12 4.7211e-12 7.3422e-12 1.5516e-11 3.7674e-12 4.1945e-12 5.7572e-12 4.0871e-12 2.0816e-11 4.8479e-12 3.7555e-12 2.0295e-11 3.4655e-12 4.6618e-12 3.577e-12 1.9429e-12 2.0283e-12 2.2218e-12 1.9155e-12 3.5031e-12
1.9637e-11 1.9712e-11 1.126e-11 1.3288e-11 2.1229e-11 9.3496e-12 2.2858e-11 1.3309e-11 1.2007e-11 1.1045e-11 1.0516e-11 1.7918e-11 1.1521e-11 1.6233e-11 8.0248e-12 2.226e-11 1.4634e-11 1.0727e-11 9.4804e-12 1.7061e-11 6.2275e-12 6.1846e-12 6.6993e-12 8.0195e-12 7.3003e-12 6.8858e-12 7.1307e-12 6.3948e-12 5.436e-12 3.6603e-12 8.2159e-12 9.6607e-12 3.5024e-12 3.9614e-12 5.3135e-12 2.5157e-11 5.3092e-12 6.3737e-12 9.1636e-12 2.8677e-12 1.3039e-11 3.2025e-12 3.4612e-12 2.6622e-12 6.9442e-12 3.2298e-12 2.9218e-12 2.992e-12
1.8909e-11 9.6586e-12 8.4562e-12 1.8125e-11 2.208e-11 1.0005e-11 2.4515e-11 2.0747e-11 8.7606e-12 2.0243e-11 1.3904e-11 2.3943e-11 1.8866e-11 1.2419e-11 2.1963e-11 1.846e-11 8.9993e-12 1.3947e-11 1.0296e-11 1.0442e-11 9.4774e-12 5.2016e-12 2.7529e-11 8.2952e-12 2.1215e-11 7.8268e-12 7.4205e-12 5.206e-12 5.5763e-12 5.234e-12 5.5701e-12 7.1766e-12 9.8348e-12 2.6907e-11 4.4829e-12 5.4292e-12 6.1707e-12 3.2681e-12 4.1245e-12 3.5883e-12 2.0322e-12 5.8017e-12 2.6905e-12 3.5388e-12 2.8129e-12 2.0067e-12 3.1669e-12 3.7305e-12
1.1408e-11 8.1659e-12 1.0401e-11 1.4121e-11 1.6902e-11 1.5094e-11 1.9476e-11 1.6706e-11 1.4511e-11 1.8795e-11 8.7874e-12 2.7615e-11 1.7913e-11 2.396e-11 1.114e-11 9.4885e-12 1.3151e-11 2.6791e-11 9.8535e-12 1.0928e-11 7.5244e-12 7.259e-12 5.4633e-12 7.722e-12 4.3459e-12 5.6624e-12 4.7695e-12 4.378e-12 2.7178e-11 9.4665e-12 5.7357e-12 5.2551e-12 4.7029e-12 8.0832e-12 5.4899e-12 9.0743e-12 4.8555e-12 3.0142e-12 4.0728e-12 4.0445e-12 4.6305e-11 3.9831e-12 3.8065e-12 2.692e-12 3.0747e-12 3.0863e-12 1.9754e-12 2.5687e-12
2.7261e-11 1.9099e-11 1.4374e-11 1.1279e-11 1.672e-11 1.4533e-11 1.3392e-11 1.117e-11 1.3757e-11 1.315e-11 1.0911e-11 1.601e-11 1.1105e-11 1.3273e-11 1.263e-11 8.5081e-12 1.1363e-11 1.675e-11 6.6582e-12 7.7967e-12 1.2203e-11 1.1697e-11 1.1688e-11 2.6461e-11 6.7873e-12 2.9055e-11 1.1417e-11 5.8649e-12 6.5212e-12 1.3102e-11 4.8893e-12 8.0793e-12 6.1348e-12 8.0612e-12 1.0477e-11 2.9752e-12 3.4158e-12 6.5074e-12 7.3093e-12 5.1338e-12 3.9594e-12 2.4713e-12 1.1498e-11 3.0387e-12 3.2353e-12 3.0178e-12 3.2338e-12 1.7317e-11
1.0329e-11 1.9009e-11 1.5624e-11 1.3811e-11 1.7863e-11 1.1172e-11 1.1488e-11 2.2253e-11 1.8092e-11 8.5083e-12 1.8421e-11 1.0666e-11 1.8556e-11 1.526e-11 1.9748e-11 9.8419e-12 7.8247e-12 9.3143e-12 6.0679e-12 1.0702e-11 6.0438e-12 1.1182e-11 6.5927e-12 8.0997e-12 4.8113e-12 6.5266e-12 4.9888e-12 7.9962e-12 4.9513e-12 5.9769e-12 4.3889e-12 5.614e-12 5.3286e-12 4.8403e-12 4.7116e-12 6.2629e-12 3.5871e-12 3.4585e-11 6.8685e-12 1.9657e-11 3.8285e-12 2.2502e-12 2.7746e-12 7.6375e-12 2.5373e-12 2.9124e-12 1.1121e-11 6.1147e-12
1.9863e-11 1.8266e-11 2.4902e-11 1.9486e-11 1.7465e-11 1.8165e-11 1.1888e-11 1.5912e-11 2.0358e-11 2.2983e-11 1.396e-11 1.0385e-11 1.5275e-11 8.9186e-12 1.2015e-11 1.1263e-11 7.1301e-12 6.6355e-12 5.1272e-12 6.6712e-12 5.3475e-12 1.9686e-11 7.9895e-12 6.385e-12 1.2279e-11 8.5684e-12 7.395e-12 1.0206e-11 3.4753e-11 6.8902e-12 6.9072e-12 1.6179e-11 5.4342e-12 9.6791e-12 1.2108e-11 4.4869e-12 5.2446e-12 3.846e-12 4.44e-12 3.5728e-12 2.8465e-12 2.9803e-12 3.4408e-12 3.7056e-12 3.3135e-12 2.8351e-12 4.6125e-12 4.4264e-12
2.0347e-11 1.9674e-11 1.8265e-11 1.6726e-11 1.8392e-11 1.403e-11 1.7133e-11 7.8549e-12 1.3298e-11 2.0391e-11 1.0743e-11 1.8269e-11 2.2524e-11 1.302e-11 8.6594e-12 1.4511e-11 1.817e-11 1.4493e-11 1.2459e-11 1.3955e-11 6.6043e-12 6.972e-12 2.4025e-11 4.9671e-12 7.318e-12 4.3183e-12 4.8555e-12 2.8827e-11 4.649e-12 4.4672e-12 6.9914e-12 8.4592e-12 4.8839e-12 4.964e-12 7.8007e-12 6.68e-12 7.2499e-12 7.6993e-12 3.1887e-12 4.9521e-12 5.0771e-12 3.0813e-12 4.4077e-12 1.978e-12 3.1559e-12 2.9736e-12 1.9734e-12 2.2494e-12
1.9561e-11 1.8367e-11 1.8455e-11 1.2249e-11 1.7755e-11 9.0958e-12 1.3259e-11 1.587e-11 2.1617e-11 1.5768e-11 1.989e-11 1.0809e-11 1.6979e-11 9.8565e-12 9.38e-12 1.336e-11 2.1867e-11 1.4226e-11 2.317e-11 7.8332e-12 3.3842e-11 1.2335e-11 1.3048e-11 7.2922e-12 8.4827e-12 6.1426e-12 8.6439e-12 4.1534e-12 4.3921e-12 4.5243e-12 7.0909e-12 5.2289e-12 5.5028e-12 1.9055e-11 5.9112e-12 1.2406e-11 6.0024e-12 5.8692e-12 5.4983e-12 4.538e-12 3.8234e-12 2.6809e-12 2.6027e-12 2.3724e-12 4.904e-12 3.0347e-12 2.4053e-12 2.1394e-12
2.7205e-11 1.0893e-11 2.4304e-11 1.9458e-11 2.899e-11 2.336e-11 1.4738e-11 5.917e-12 1.163e-11 1.0707e-11 1.9873e-11 1.9453e-11 1.4313e-11 2.5827e-11 9.5168e-12 1.0897e-11 1.9231e-11 1.3859e-11 2.1721e-11 9.9321e-12 1.0107e-11 1.2435e-11 7.32e-12 7.262e-12 7.4555e-12 2.8477e-11 5.8713e-12 1.0125e-11 1.8483e-11 7.5775e-12 8.3973e-12 5.4005e-12 7.5779e-12 6.741e-12 6.9953e-12 1.4027e-11 7.7852e-12 6.5691e-12 3.9551e-12 3.1541e-12 2.294e-11 2.4812e-12 3.7927e-12 4.3504e-12 3.8336e-12 2.2008e-12 3.7926e-12 2.5972e-12
2.7441e-11 1.1341e-11 9.4435e-12 2.6967e-11 1.6753e-11 2.2751e-11 1.9727e-11 1.2172e-11 1.7449e-11 1.4138e-11 1.9552e-11 8.5921e-12 1.5201e-11 2.8934e-11 1.9528e-11 1.2592e-11 1.054e-11 8.2532e-12 7.8399e-12 6.8848e-12 1.4949e-11 7.6886e-12 6.8051e-12 6.6427e-12 7.5501e-12 1.4977e-11 6.8955e-12 7.229e-12 9.8643e-12 8.3154e-12 8.6782e-12 8.1018e-12 1.4109e-11 4.7224e-12 3.9592e-11 6.3616e-12 4.7354e-12 6.4904e-12 1.6123e-11 4.2827e-12 4.1426e-12 4.0288e-12 3.3499e-12 4.4878e-12 2.5366e-12 3.4419e-12 3.9102e-12 2.0742e-12
2.9115e-11 1.5401e-11 2.0553e-11 1.2065e-11 2.7335e-11 1.1885e-11 7.6177e-12 1.5186e-11 1.8574e-11 1.6322e-11 9.7984e-12 1.7755e-11 1.207e-11 1.8884e-11 8.0493e-12 1.2037e-11 1.0219e-11 1.3334e-11 2.6145e-11 2.8182e-11 6.0292e-12 1.0336e-11 1.0156e-11 1.0821e-11 7.784e-12 6.571e-12 4.3478e-12 6.3078e-12 1.9846e-11 3.111e-12 1.8108e-11 7.2151e-12 6.4567e-12 3.6055e-12 4.9655e-12 1.2525e-11 4.7944e-12 4.9476e-12 3.4006e-12 7.1985e-12 3.8903e-12 3.1174e-12 2.9283e-12 3.6259e-11 2.5062e-12 2.1486e-12 2.5913e-12 2.9928e-12
5.8423e-11 3.7753e-11 5.9306e-11 1.8108e-11 2.0869e-11 3.0958e-11 1.1068e-11 1.0426e-11 1.2625e-11 9.827e-12 1.5404e-11 1.9548e-11 8.365e-12 1.1478e-11 2.3766e-11 1.5655e-11 2.2245e-11 9.6151e-12 2.4458e-11 1.2104e-11 5.6492e-12 7.6908e-12 1.7111e-11 1.7404e-11 8.4601e-12 1.2931e-11 4.6983e-12 4.0747e-12 1.836e-12 4.5751e-12 7.1042e-12 4.0658e-11 9.7558e-12 8.1971e-12 6.5803e-12 4.8414e-12 6.9306e-12 9.1672e-12 7.1631e-12 5.757e-12 3.3649e-12 3.2041e-11 3.7826e-12 4.5608e-12 2.7808e-12 2.7766e-12 1.9868e-12 2.1588e-12
1.5012e-11 1.5107e-11 1.9838e-11 1.7676e-11 2.2491e-11 2.6772e-11 1.9393e-11 1.6849e-11 1.288e-11 1.5563e-11 2.0104e-11 7.2919e-12 2.3608e-11 2.4069e-11 2.2065e-11 8.8203e-12 9.3869e-12 8.4707e-12 2.6555e-11 1.094e-11 1.1454e-11 1.8971e-11 1.154e-11 1.0194e-11 2.073e-11 6.3564e-12 4.8618e-12 6.4971e-12 4.2341e-12 4.434e-12 4.6049e-12 2.6135e-11 5.4091e-12 3.7507e-12 9.0117e-12 4.9899e-12 5.2906e-12 5.0471e-12 3.1901e-12 8.2769e-12 4.7454e-12 3.2551e-12 2.7339e-12 4.0315e-12 2.3019e-12 2.0862e-12 3.4032e-12 3.0218e-12
1.5487e-11 2.2565e-11 2.1329e-11 1.9802e-11 1.0996e-11 1.3981e-11 7.0361e-12 1.2381e-11 9.7611e-12 1.2467e-11 1.5882e-11 2.4239e-11 1.1781e-11 1.0504e-11 1.3443e-11 1.0802e-11 7.8059e-12 8.6091e-12 1.6759e-11 2.3203e-11 1.0469e-11 8.2174e-12 9.6211e-12 8.5936e-12 6.1644e-12 7.0921e-12 1.4006e-11 5.8184e-12 2.6762e-11 9.1397e-12 7.3248e-12 4.8182e-12 6.156e-12 3.8488e-12 9.8322e-12 4.5934e-12 3.7055e-12 4.1371e-12 5.2362e-12 3.8893e-12 3.0026e-12 2.9852e-12 4.7588e-12 1.3911e-11 2.3468e-12 2.5089e-12 3.6457e-12 5.0548e-12
2.4306e-11 1.0889e-11 1.901e-11 2.3506e-11 2.1396e-11 1.3209e-11 8.3169e-12 1.1611e-11 1.2026e-11 1.0239e-11 9.9303e-12 2.8414e-11 2.492e-11 1.7808e-11 1.24e-11 1.4372e-11 1.9273e-11 1.7585e-11 1.5592e-11 1.4263e-11 1.6125e-11 2.1631e-11 1.0014e-11 6.5738e-12 4.8082e-12 1.1948e-11 5.2393e-12 3.9953e-12 6.1989e-12 1.0219e-11 6.4742e-12 5.867e-12 5.7097e-12 5.2713e-12 5.4621e-12 7.7213e-12 8.2559e-12 7.3679e-12 5.131e-12 5.2065e-12 3.7279e-12 3.2432e-12 2.218e-12 2.9479e-12 2.4394e-12 2.0071e-12 2.9702e-12 1.8613e-12
1.9156e-11 2.4626e-11 1.4999e-11 1.44e-11 1.6269e-11 1.5445e-11 1.2903e-11 1.2864e-11 1.9748e-11 9.7294e-12 1.1987e-11 7.0512e-12 1.0579e-11 1.8069e-11 1.3656e-11 1.3289e-11 2.5141e-11 2.5318e-11 1.9705e-11 1.5628e-11 8.1468e-12 1.7828e-11 9.8754e-12 2.811e-11 6.645e-12 4.285e-12 3.544e-12 4.4404e-12 5.3374e-12 4.5549e-12 6.3279e-12 2.2078e-11 1.7539e-11 4.3553e-12 1.3318e-11 4.9937e-12 3.6159e-12 2.3235e-11 8.4049e-12 5.1117e-12 4.9783e-12 4.0912e-12 2.108e-12 2.7244e-12 2.521e-12 2.3331e-12 2.1133e-12 8.9243e-12
1.8446e-11 1.9922e-11 2.3709e-11 2.5322e-11 1.6305e-11 1.8613e-11 2.1923e-11 6.4618e-12 1.1451e-11 2.2505e-11 1.5236e-11 1.3771e-11 2.142e-11 1.4672e-11 2.3457e-11 1.7437e-11 2.6145e-11 1.1378e-11 1.5588e-11 1.7121e-11 7.2623e-12 2.2264e-11 8.4103e-12 5.779e-12 7.711e-12 4.7442e-12 6.5186e-12 5.9673e-12 9.5357e-12 5.0578e-12 9.7408e-12 1.9444e-11 6.9346e-12 4.0444e-11 5.2773e-12 9.0438e-12 7.3219e-12 3.0812e-11 4.7636e-12 4.0793e-12 3.7431e-12 3.4808e-12 5.0166e-12 3.4617e-12 4.3657e-12 1.8004e-12 3.0869e-12 1.8695e-11
2.1111e-11 1.9879e-11 9.6653e-12 1.0431e-11 2.6355e-11 9.9727e-12 1.1751e-11 7.4237e-12 2.8637e-11 1.0466e-11 9.9923e-12 2.663e-11 1.106e-11 1.3248e-11 3.0298e-11 2.0802e-11 1.1498e-11 1.8612e-11 1.4216e-11 2.1468e-11 8.4905e-12 9.9818e-12 7.4717e-12 5.8759e-12 2.379e-11 8.9691e-12 7.0266e-12 9.364e-12 6.2911e-12 9.0428e-12 7.1564e-12 5.3053e-12 6.2667e-12 7.0705e-12 8.8836e-12 3.3876e-12 5.3946e-12 9.4774e-12 5.1986e-12 9.3313e-12 5.3962e-12 6.0653e-12 3.0769e-12 2.9656e-12 2.6297e-12 3.2615e-12 3.0502e-12 2.57e-12
1.9317e-11 1.8235e-11 1.1478e-11 8.9954e-12 1.2096e-11 1.3873e-11 1.3505e-11 1.1892e-11 2.0874e-11 1.3059e-11 1.4075e-11 1.5497e-11 1.9852e-11 1.1221e-11 1.3035e-11 2.1211e-11 8.7451e-12 7.9787e-12 8.6174e-12 1.0281e-11 8.0405e-12 6.4048e-12 6.7931e-12 9.6335e-12 5.7308e-12 6.8074e-12 1.2692e-11 5.4036e-12 5.8699e-12 5.3136e-12 6.9718e-12 1.0421e-11 6.2778e-12 5.1104e-12 6.6921e-12 4.2594e-12 4.01e-12 4.3707e-12 5.5251e-12 4.4826e-12 2.7805e-12 3.0679e-12 2.6875e-11 3.5203e-12 2.992e-12 3.0401e-12 7.0325e-12 4.0527e-12
7.632e-12 1.0683e-11 1.0192e-11 1.8253e-11 2.6964e-11 1.1382e-11 9.8147e-12 9.7899e-12 1.1012e-11 9.7094e-12 9.3646e-12 1.0263e-11 1.7377e-11 1.0143e-11 1.1305e-11 1.0761e-11 1.0374e-11 9.0739e-12 6.6637e-12 4.9627e-12 1.0869e-11 7.6122e-12 8.7252e-12 6.6723e-12 6.0149e-12 1.8096e-11 6.044e-12 5.5563e-12 8.0255e-12 2.274e-11 3.9437e-12 6.5619e-12 5.7364e-12 5.2597e-12 8.0628e-12 5.5957e-12 4.5453e-12 4.648e-12 4.309e-12 4.6996e-12 4.1819e-12 3.4023e-12 4.0773e-12 4.9999e-12 3.3646e-12 2.6669e-12 2.6102e-12 2.0265e-12
1.7401e-11 1.1279e-11 1.2465e-11 1.4453e-11 1.3126e-11 1.7848e-11 1.9549e-11 1.6017e-11 1.0865e-11 2.0904e-11 1.2489e-11 1.4114e-11 1.0755e-11 1.4099e-11 2.5306e-11 1.0744e-11 2.7722e-11 3.1599e-11 1.0948e-11 7.378e-12 5.6643e-12 1.4563e-11 6.3527e-12 7.6779e-12 4.0773e-12 7.3209e-12 1.54e-11 6.779e-12 5.1676e-12 4.7654e-12 1.807e-11 2.1026e-11 2.528e-11 5.1013e-12 4.6016e-12 5.2047e-12 4.2055e-12 3.9251e-12 4.7193e-12 3.4906e-12 3.2845e-12 3.9113e-12 3.0886e-12 3.7037e-12 2.5683e-12 2.8519e-12 2.7097e-12 3.4718e-12
8.5673e-12 1.7476e-11 1.1015e-11 1.8099e-11 9.4446e-12 1.5701e-11 2.8009e-11 1.6728e-11 1.2053e-11 8.9317e-12 1.9669e-11 1.1376e-11 1.1845e-11 1.1267e-11 1.8918e-11 1.1179e-11 1.1918e-11 5.223e-12 4.5591e-12 7.02e-12 4.8993e-12 5.7939e-12 1.3765e-11 4.6106e-12 1.1096e-11 2.3694e-11 1.0503e-11 7.9677e-12 4.3505e-12 7.9539e-12 4.0905e-12 9.4885e-12 1.0741e-11 6.0056e-12 6.7462e-12 6.5234e-12 4.1134e-12 4.0702e-12 4.5537e-12 6.0631e-12 4.803e-12 2.4396e-12 3.8575e-12 2.7184e-12 2.6722e-12 6.2456e-12 3.7862e-12 2.4233e-12
