9.0808e-12 8.6517e-12 4.0499e-12 3.7916e-12 3.6002e-12 4.4527e-12 3.2511e-12 2.766e-12 1.1523e-12 1.6728e-12 2.4301e-12 1.3863e-12 1.6906e-12 1.411e-12 2.397e-12 1.201e-12 8.8621e-13 1.0021e-12 5.8909e-13 6.1481e-13 1.2185e-12 1.1699e-12 1.6841e-12 1.6295e-12
8.2498e-12 9.7936e-12 8.1756e-12 4.0675e-12 3.783e-12 2.5898e-12 3.0429e-12 2.2344e-12 1.5451e-12 1.78e-12 1.4465e-12 1.8606e-12 1.8523e-12 1.1313e-12 1.3187e-12 1.1722e-12 9.5859e-13 1.4592e-12 7.9091e-13 8.2517e-13 1.0025e-12 1.126e-12 1.4132e-12 1.452e-12
1.2182e-11 8.6747e-12 6.2627e-12 3.4195e-12 1.8144e-12 2.9686e-12 2.7375e-12 2.81e-12 1.864e-12 1.3474e-12 2.4019e-12 2.0899e-12 1.0666e-12 1.2826e-12 1.1388e-12 1.5013e-12 1.3929e-12 9.7016e-13 9.167e-13 6.9645e-13 1.0332e-12 1.1625e-12 1.1006e-12 1.1061e-12
1.0146e-11 8.7178e-12 6.9463e-12 3.7829e-12 3.5988e-12 2.9923e-12 3.0205e-12 2.4786e-12 1.3757e-12 1.7445e-12 1.5986e-12 1.9968e-12 2.0391e-12 1.1428e-12 1.2747e-12 1.0746e-12 9.7449e-13 1.3278e-12 7.63e-13 8.4276e-13 9.818e-13 1.2022e-12 1.2396e-12 1.5621e-12
1.0876e-11 9.8042e-12 4.6434e-12 4.587e-12 3.4314e-12 3.7921e-12 3.1596e-12 3.3521e-12 1.044e-12 1.4899e-12 1.9157e-12 1.872e-12 2.0085e-12 1.45e-12 2.2637e-12 1.1285e-12 8.2699e-13 8.4825e-13 5.4744e-13 6.6157e-13 1.31e-12 1.1884e-12 1.8614e-12 1.5484e-12
6.2945e-12 5.8301e-12 4.861e-12 4.756e-12 4.617e-12 4.5781e-12 3.3481e-12 3.188e-12 1.5418e-12 1.3247e-12 1.3869e-12 1.6595e-12 1.5337e-12 1.5724e-12 1.3732e-12 1.4085e-12 7.0628e-13 6.5486e-13 6.6257e-13 6.0537e-13 1.6892e-12 1.5707e-12 1.7401e-12 1.6527e-12
7.7745e-12 8.7999e-12 7.9938e-12 3.5977e-12 4.0694e-12 2.7644e-12 2.9058e-12 2.5429e-12 1.5547e-12 1.8973e-12 1.3942e-12 1.9448e-12 1.8255e-12 1.1694e-12 1.4443e-12 1.0491e-12 9.764e-13 1.4e-12 7.2163e-13 8.4307e-13 9.9377e-13 1.2931e-12 1.3072e-12 1.5445e-12
1.8223e-11 1.6056e-11 9.2204e-12 7.3835e-12 1.8262e-12 2.7606e-12 2.9355e-12 1.6091e-12 2.2214e-12 2.4804e-12 1.3882e-12 2.0648e-12 2.4501e-12 1.1559e-12 7.5005e-13 1.3789e-12 1.6985e-12 1.4732e-12 7.3604e-13 7.5642e-13 7.8623e-13 1.2642e-12 1.5874e-12 1.3205e-12
2.4878e-11 1.1563e-11 1.2957e-11 4.8817e-12 4.1479e-12 2.29e-12 4.1762e-12 2.2482e-12 3.6531e-12 2.3061e-12 1.1304e-12 1.3124e-12 2.4489e-12 2.5962e-12 8.8783e-13 1.2911e-12 1.917e-12 6.5646e-13 1.934e-12 8.1576e-13 9.1718e-13 1.3542e-12 1.3547e-12 1.5436e-12
1.4732e-11 1.5019e-11 8.9544e-12 7.6304e-12 2.0855e-12 2.6061e-12 3.2349e-12 1.8309e-12 2.7779e-12 2.899e-12 1.2368e-12 2.3227e-12 2.0882e-12 1.0772e-12 7.7001e-13 1.3055e-12 1.7657e-12 1.6165e-12 7.6082e-13 8.3485e-13 7.6029e-13 1.2462e-12 1.5144e-12 1.6849e-12
9.1622e-12 9.2613e-12 7.8725e-12 3.8967e-12 4.0022e-12 2.6384e-12 2.9846e-12 2.507e-12 1.4641e-12 1.5598e-12 1.6488e-12 2.1706e-12 1.6925e-12 1.3126e-12 1.3254e-12 1.0432e-12 9.8786e-13 1.2721e-12 7.6294e-13 9.4538e-13 1.0381e-12 1.2829e-12 1.3977e-12 1.512e-12
5.2169e-12 4.8784e-12 4.4122e-12 5.1846e-12 3.8696e-12 3.5337e-12 2.5593e-12 2.8532e-12 1.5936e-12 1.6995e-12 1.8076e-12 2.1643e-12 1.3622e-12 1.5171e-12 1.3801e-12 1.2538e-12 1.1158e-12 1.1134e-12 9.7999e-13 8.5726e-13 1.0166e-12 1.2074e-12 1.0451e-12 1.0711e-12
1.2142e-11 8.9828e-12 6.4805e-12 3.8915e-12 1.7797e-12 3.0569e-12 2.5772e-12 2.6646e-12 2.0604e-12 1.4695e-12 2.1838e-12 2.1567e-12 1.0603e-12 1.3354e-12 1.049e-12 1.5174e-12 1.1707e-12 8.7084e-13 9.0102e-13 7.1735e-13 9.9501e-13 1.2112e-12 1.2621e-12 1.1281e-12
2.842e-11 1.1985e-11 1.3294e-11 4.5926e-12 4.1622e-12 2.1432e-12 3.2398e-12 2.3331e-12 2.8436e-12 2.2243e-12 1.1476e-12 1.3734e-12 2.3326e-12 2.1882e-12 8.8008e-13 1.3266e-12 2.0907e-12 6.5587e-13 1.9675e-12 7.9488e-13 9.2637e-13 1.436e-12 1.385e-12 1.6591e-12
1.9975e-11 1.9853e-11 1.9853e-11 7.1993e-12 8.5973e-12 2.9791e-12 1.9378e-12 2.6233e-12 1.2805e-12 1.4372e-12 3.007e-12 2.7193e-12 2.77e-12 2.3258e-12 1.2177e-12 1.3508e-12 4.6979e-13 2.9831e-12 1.7337e-12 7.8404e-13 8.2208e-13 1.5337e-12 1.7425e-12 1.779e-12
2.0762e-11 1.0064e-11 1.2873e-11 5.0473e-12 4.4536e-12 2.3723e-12 2.8643e-12 2.2159e-12 2.6824e-12 2.8212e-12 1.1997e-12 1.3969e-12 2.2465e-12 2.7168e-12 8.8699e-13 1.3245e-12 1.8371e-12 6.6331e-13 1.5606e-12 8.0982e-13 8.381e-13 1.2989e-12 1.4455e-12 1.5516e-12
1.1321e-11 9.4236e-12 7.8235e-12 3.7042e-12 1.6411e-12 2.9913e-12 2.5611e-12 2.9305e-12 2.0357e-12 1.434e-12 2.2908e-12 2.4004e-12 1.0751e-12 1.3643e-12 1.0949e-12 1.4242e-12 1.2808e-12 9.5239e-13 9.0149e-13 6.7251e-13 9.9667e-13 1.1022e-12 1.1258e-12 1.1435e-12
5.3958e-12 6.9955e-12 3.5813e-12 3.754e-12 3.3344e-12 3.7174e-12 1.9173e-12 2.2834e-12 2.2667e-12 2.154e-12 1.68e-12 1.9402e-12 1.4043e-12 1.4775e-12 9.7659e-13 1.1747e-12 1.0508e-12 9.0437e-13 9.1729e-13 8.4509e-13 1.243e-12 1.239e-12 1.0876e-12 1.144e-12
7.8366e-12 1.052e-11 8.0041e-12 4.0319e-12 4.1271e-12 2.7279e-12 3.0227e-12 2.4168e-12 1.3948e-12 1.5595e-12 1.7247e-12 2.3266e-12 1.6594e-12 1.3214e-12 1.3627e-12 1.1141e-12 9.294e-13 1.3144e-12 7.7651e-13 8.7389e-13 9.0749e-13 1.3622e-12 1.465e-12 1.3962e-12
1.7572e-11 1.628e-11 8.9572e-12 6.6017e-12 2.2989e-12 3.2594e-12 3.0809e-12 2.1327e-12 2.7553e-12 2.9901e-12 1.2353e-12 2.2256e-12 2.2298e-12 1.0505e-12 7.2684e-13 1.2752e-12 1.9125e-12 1.4421e-12 7.3819e-13 7.562e-13 7.4906e-13 1.3073e-12 1.4066e-12 1.2954e-12
2.4096e-11 1.1867e-11 1.3183e-11 5.2888e-12 4.3945e-12 2.2704e-12 3.1546e-12 2.4445e-12 3.1435e-12 2.2609e-12 1.2217e-12 1.3037e-12 2.2769e-12 2.3024e-12 8.8638e-13 1.4866e-12 1.8055e-12 6.7382e-13 1.7175e-12 8.0456e-13 8.5338e-13 1.3517e-12 1.5472e-12 1.5618e-12
1.5288e-11 1.4331e-11 9.4221e-12 7.0124e-12 2.0109e-12 2.4473e-12 2.8521e-12 1.6199e-12 2.1463e-12 2.9993e-12 1.3416e-12 2.1799e-12 2.0662e-12 1.1528e-12 7.594e-13 1.4203e-12 1.8549e-12 1.3746e-12 7.2196e-13 7.6663e-13 7.8057e-13 1.2269e-12 1.6467e-12 1.483e-12
8.1936e-12 8.8471e-12 6.7631e-12 4.0503e-12 4.6966e-12 2.6696e-12 3.2253e-12 2.1877e-12 1.4453e-12 1.7753e-12 1.3694e-12 2.5176e-12 1.6765e-12 1.2138e-12 1.2533e-12 1.1383e-12 9.8378e-13 1.3071e-12 7.3945e-13 8.5305e-13 1.0452e-12 1.1394e-12 1.3999e-12 1.433e-12
5.6849e-12 5.3796e-12 5.8703e-12 4.901e-12 3.8752e-12 3.5293e-12 2.867e-12 3.0104e-12 1.3547e-12 1.5298e-12 1.6827e-12 1.8917e-12 1.4199e-12 1.3493e-12 1.33e-12 1.5346e-12 1.0553e-12 9.8263e-13 9.0268e-13 8.9313e-13 1.1371e-12 1.2678e-12 1.0502e-12 1.1301e-12
9.0318e-12 7.5698e-12 4.3512e-12 4.3633e-12 3.3018e-12 3.9746e-12 3.0829e-12 3.4077e-12 1.0146e-12 1.4845e-12 2.306e-12 1.5595e-12 1.7933e-12 1.4502e-12 2.3717e-12 1.2478e-12 8.1803e-13 9.2759e-13 5.7176e-13 6.4044e-13 1.235e-12 1.1827e-12 1.934e-12 1.7895e-12
8.7755e-12 9.0948e-12 6.9856e-12 3.9259e-12 3.7318e-12 2.8264e-12 3.1213e-12 2.2964e-12 1.4263e-12 1.6434e-12 1.6589e-12 1.8836e-12 1.8272e-12 1.2278e-12 1.3972e-12 1.1204e-12 9.55e-13 1.377e-12 7.6451e-13 8.4802e-13 9.5715e-13 1.1379e-12 1.3804e-12 1.303e-12
1.1721e-11 9.5466e-12 6.5981e-12 3.8151e-12 1.7049e-12 2.9546e-12 2.7763e-12 2.7311e-12 1.9308e-12 1.4686e-12 2.4597e-12 2.3569e-12 1.1699e-12 1.2103e-12 1.1236e-12 1.4591e-12 1.3482e-12 1.0221e-12 8.6345e-13 6.9794e-13 1.0024e-12 1.1174e-12 1.1381e-12 1.1167e-12
8.1327e-12 1.0842e-11 7.5053e-12 3.8394e-12 3.5194e-12 2.4757e-12 3.1849e-12 2.2468e-12 1.4383e-12 1.8609e-12 1.5517e-12 1.8773e-12 2.1477e-12 1.22e-12 1.3682e-12 1.0681e-12 1.018e-12 1.3688e-12 7.3963e-13 8.4158e-13 1.0127e-12 1.1849e-12 1.3269e-12 1.3264e-12
8.8857e-12 6.7466e-12 4.3989e-12 4.5901e-12 3.6248e-12 3.7645e-12 2.8656e-12 3.5744e-12 1.0827e-12 1.6537e-12 2.2953e-12 1.5232e-12 1.6277e-12 1.428e-12 2.3098e-12 1.2029e-12 8.3951e-13 9.3184e-13 6.1666e-13 5.9496e-13 1.2913e-12 1.3158e-12 1.7843e-12 1.4244e-12
6.4436e-12 6.6481e-12 5.0715e-12 4.8032e-12 4.0148e-12 4.6518e-12 3.1676e-12 3.4409e-12 1.3066e-12 1.395e-12 1.4338e-12 1.5236e-12 1.5075e-12 1.7651e-12 1.3912e-12 1.3882e-12 7.1107e-13 6.374e-13 6.7429e-13 6.028e-13 1.7138e-12 1.4305e-12 1.681e-12 1.8544e-12
7.4012e-12 6.3825e-12 4.7479e-12 4.6447e-12 4.1082e-12 4.4916e-12 3.143e-12 3.0306e-12 1.2333e-12 1.3453e-12 1.4027e-12 1.4178e-12 1.4434e-12 1.6691e-12 1.4306e-12 1.3848e-12 6.9062e-13 7.1528e-13 6.6298e-13 6.1408e-13 1.4411e-12 1.6977e-12 1.6648e-12 1.6321e-12
5.4158e-12 5.5632e-12 4.363e-12 5.5175e-12 3.4852e-12 3.36e-12 2.6338e-12 2.7318e-12 1.5988e-12 1.4629e-12 1.9661e-12 2.0645e-12 1.3737e-12 1.3445e-12 1.3446e-12 1.4959e-12 1.0445e-12 1.0946e-12 8.7947e-13 9.1274e-13 1.2545e-12 1.1837e-12 1.2141e-12 1.2353e-12
7.9054e-12 5.7281e-12 3.8988e-12 3.7679e-12 3.572e-12 3.1719e-12 1.9075e-12 2.28e-12 2.1226e-12 2.0559e-12 1.8182e-12 1.9224e-12 1.2887e-12 1.2493e-12 9.5773e-13 1.0202e-12 9.7134e-13 9.7675e-13 8.837e-13 9.0827e-13 1.1504e-12 1.1658e-12 1.1384e-12 1.1193e-12
6.5353e-12 5.4845e-12 4.8447e-12 4.347e-12 3.3213e-12 3.3799e-12 2.6693e-12 2.8078e-12 1.5809e-12 1.5615e-12 1.8677e-12 1.7502e-12 1.3024e-12 1.4032e-12 1.2947e-12 1.3503e-12 1.0425e-12 1.0877e-12 9.5121e-13 8.964e-13 1.0726e-12 1.1785e-12 1.1813e-12 1.257e-12
7.156e-12 5.6505e-12 4.9939e-12 4.7143e-12 4.3687e-12 4.408e-12 3.4443e-12 2.8854e-12 1.4057e-12 1.4238e-12 1.583e-12 1.3988e-12 1.7132e-12 1.489e-12 1.3338e-12 1.3483e-12 6.8793e-13 6.7311e-13 6.6125e-13 5.9679e-13 1.542e-12 1.6535e-12 1.6832e-12 1.5827e-12
5.9883e-12 5.9926e-12 6.2374e-12 6.53e-12 3.8842e-12 4.1652e-12 3.2152e-12 3.8898e-12 2.5334e-12 3.3657e-12 1.4301e-12 9.7459e-13 1.4473e-12 1.439e-12 1.7729e-12 1.602e-12 5.4424e-13 5.3079e-13 6.5157e-13 4.8956e-13 2.0717e-12 1.849e-12 1.7828e-12 1.8999e-12
9.6754e-12 7.8587e-12 4.1559e-12 3.5347e-12 3.5298e-12 3.838e-12 3.1519e-12 2.8365e-12 1.316e-12 1.2251e-12 2.1923e-12 1.5973e-12 1.7035e-12 1.2628e-12 2.2055e-12 1.3724e-12 7.6363e-13 6.4848e-13 6.792e-13 8.8882e-13 1.3393e-12 1.2389e-12 1.8373e-12 1.5676e-12
1.0613e-11 1.083e-11 8.6948e-12 3.1144e-12 3.9977e-12 2.594e-12 2.7873e-12 1.2467e-12 2.2916e-12 1.5858e-12 1.2905e-12 2.4296e-12 1.9178e-12 1.1621e-12 1.3416e-12 1.0526e-12 7.2945e-13 1.3781e-12 8.3826e-13 7.5495e-13 1.0921e-12 1.214e-12 1.2726e-12 1.3308e-12
9.5139e-12 9.2694e-12 7.6469e-12 4.1746e-12 2.6457e-12 2.5496e-12 1.6756e-12 2.6641e-12 1.2397e-12 2.1619e-12 2.5478e-12 2.3495e-12 1.1566e-12 1.4702e-12 9.643e-13 1.3234e-12 1.1798e-12 1.0923e-12 9.7527e-13 8.2244e-13 1.0197e-12 1.1154e-12 1.0769e-12 9.8216e-13
8.2763e-12 8.6323e-12 7.0507e-12 3.8069e-12 4.2344e-12 2.887e-12 3.0387e-12 1.3099e-12 2.4808e-12 1.4771e-12 1.4974e-12 1.8176e-12 2.2034e-12 1.1368e-12 1.3202e-12 1.0046e-12 8.0618e-13 1.2506e-12 9.0375e-13 7.7946e-13 9.8156e-13 1.1822e-12 1.4084e-12 1.351e-12
9.169e-12 7.2492e-12 4.3116e-12 3.9275e-12 3.2795e-12 3.6692e-12 3.0391e-12 4.024e-12 1.0377e-12 1.2144e-12 2.0877e-12 1.6408e-12 1.9371e-12 1.4834e-12 2.2524e-12 1.1484e-12 7.5365e-13 6.4964e-13 7.2094e-13 8.6615e-13 1.2821e-12 1.3483e-12 1.5835e-12 1.5695e-12
6.5271e-12 5.8996e-12 4.6718e-12 4.981e-12 3.697e-12 3.8949e-12 3.2671e-12 3.2846e-12 1.2799e-12 1.4638e-12 1.3537e-12 1.4275e-12 1.7376e-12 1.6592e-12 1.4232e-12 1.4129e-12 7.1268e-13 6.8431e-13 7.1695e-13 7.2417e-13 1.702e-12 1.6255e-12 1.6965e-12 1.7917e-12
1.1157e-11 1.1495e-11 6.4164e-12 3.8996e-12 4.1218e-12 2.5942e-12 2.9411e-12 1.3874e-12 2.5834e-12 1.5627e-12 1.3386e-12 2.0675e-12 1.924e-12 1.1313e-12 1.2728e-12 9.659e-13 7.595e-13 1.4765e-12 8.0811e-13 7.5932e-13 1.0882e-12 1.2149e-12 1.237e-12 1.3284e-12
2.2325e-11 1.7949e-11 9.1635e-12 4.9669e-12 2.7399e-12 3.3257e-12 3.3569e-12 1.533e-12 1.1519e-12 2.3116e-12 2.4e-12 2.394e-12 2.434e-12 1.0661e-12 7.6143e-13 1.2871e-12 1.8552e-12 1.3331e-12 8.1518e-13 7.3004e-13 7.9545e-13 1.2279e-12 1.6105e-12 1.5082e-12
3.1568e-11 1.7396e-11 1.0658e-11 5.9878e-12 3.8573e-12 3.3044e-12 1.6804e-12 2.43e-12 3.2898e-12 2.5632e-12 1.3879e-12 1.1375e-12 2.5694e-12 2.5952e-12 8.9972e-13 1.2219e-12 1.7709e-12 8.1755e-13 1.6664e-12 8.6819e-13 9.2242e-13 1.1445e-12 1.4394e-12 1.4726e-12
2.0174e-11 1.6892e-11 1.1799e-11 4.8706e-12 2.4298e-12 3.0233e-12 3.1513e-12 1.5885e-12 1.1587e-12 2.6221e-12 2.6065e-12 2.4148e-12 2.3236e-12 1.126e-12 7.3449e-13 1.219e-12 1.8364e-12 1.5399e-12 9.1185e-13 8.0708e-13 7.4685e-13 1.2059e-12 1.5772e-12 1.5583e-12
8.864e-12 8.7888e-12 7.4918e-12 3.2444e-12 3.9612e-12 2.6611e-12 2.7096e-12 1.2472e-12 2.6603e-12 1.4247e-12 1.5142e-12 2.0955e-12 1.7307e-12 1.2264e-12 1.4488e-12 9.243e-13 7.8551e-13 1.3308e-12 8.4368e-13 7.7892e-13 1.0056e-12 1.137e-12 1.2627e-12 1.4412e-12
4.9932e-12 4.7617e-12 5.1141e-12 5.0111e-12 3.2738e-12 4.0142e-12 2.5751e-12 2.7011e-12 1.3712e-12 1.5798e-12 1.7361e-12 2.0566e-12 1.4346e-12 1.3769e-12 1.3491e-12 1.2867e-12 8.8444e-13 9.5858e-13 9.6772e-13 8.1346e-13 1.1659e-12 1.1691e-12 1.0893e-12 1.2439e-12
1.1e-11 8.9072e-12 8.1731e-12 3.8239e-12 3.0441e-12 2.5609e-12 1.9602e-12 2.6498e-12 1.2992e-12 2.0159e-12 2.519e-12 2.2371e-12 1.1304e-12 1.3037e-12 9.5469e-13 1.3642e-12 1.2317e-12 1.0437e-12 1.0674e-12 7.6949e-13 1.0025e-12 1.2387e-12 1.1248e-12 1.1492e-12
3.4177e-11 1.7153e-11 1.0179e-11 6.478e-12 3.8938e-12 2.9233e-12 1.7777e-12 2.4667e-12 2.7346e-12 2.4736e-12 1.2815e-12 1.2131e-12 2.2607e-12 2.8156e-12 8.7538e-13 1.1965e-12 1.9831e-12 7.6673e-13 1.836e-12 8.1754e-13 9.5414e-13 1.2487e-12 1.5115e-12 1.5314e-12
3.4203e-11 3.3148e-11 3.4703e-11 6.0908e-12 5.3375e-12 2.1882e-12 1.9822e-12 2.586e-12 1.1525e-12 1.3078e-12 3.0323e-12 2.6743e-12 2.463e-12 2.3077e-12 5.8189e-13 1.1254e-12 1.2813e-12 3.3001e-12 1.8298e-12 9.3793e-13 8.1049e-13 1.3618e-12 1.8078e-12 1.8119e-12
3.7468e-11 1.8457e-11 1.0548e-11 5.7306e-12 3.4613e-12 2.681e-12 1.6709e-12 2.404e-12 2.8882e-12 2.3934e-12 1.405e-12 1.1865e-12 2.7704e-12 2.6339e-12 8.5265e-13 1.2263e-12 2.1265e-12 8.3368e-13 1.6307e-12 8.5276e-13 8.872e-13 1.2745e-12 1.53e-12 1.4707e-12
1.0264e-11 9.4021e-12 7.2691e-12 3.8239e-12 3.074e-12 2.6094e-12 1.5394e-12 2.6472e-12 1.3408e-12 2.1057e-12 2.2437e-12 2.3143e-12 1.0478e-12 1.3306e-12 9.2442e-13 1.5097e-12 1.2555e-12 1.0116e-12 1.1043e-12 7.8534e-13 9.1923e-13 1.3228e-12 1.2197e-12 1.1108e-12
5.7012e-12 5.9534e-12 3.6246e-12 4.2117e-12 3.3136e-12 3.2971e-12 1.9091e-12 1.794e-12 2.1259e-12 2.3601e-12 1.6836e-12 2.218e-12 1.3625e-12 1.312e-12 1.1119e-12 1.2293e-12 9.8323e-13 8.9403e-13 9.6959e-13 9.2639e-13 1.2777e-12 1.206e-12 1.2001e-12 1.1059e-12
9.8884e-12 1.039e-11 7.2557e-12 3.8052e-12 4.1844e-12 2.8847e-12 2.8053e-12 1.2321e-12 2.424e-12 1.5205e-12 1.5235e-12 2.1397e-12 1.7732e-12 1.2645e-12 1.3402e-12 9.6319e-13 8.5021e-13 1.2182e-12 8.9368e-13 8.4856e-13 1.0594e-12 1.2912e-12 1.305e-12 1.3663e-12
1.96e-11 1.6963e-11 1.006e-11 4.3995e-12 2.6522e-12 2.8719e-12 3.2282e-12 1.5986e-12 1.0439e-12 2.6952e-12 2.768e-12 2.5133e-12 2.0929e-12 1.0672e-12 7.4971e-13 1.2502e-12 1.9854e-12 1.2985e-12 8.2176e-13 7.909e-13 7.9885e-13 1.0985e-12 1.5272e-12 1.4496e-12
3.469e-11 1.4598e-11 1.083e-11 5.989e-12 3.7104e-12 2.6739e-12 1.635e-12 2.62e-12 2.6253e-12 2.3165e-12 1.3404e-12 1.1662e-12 2.26e-12 2.4261e-12 9.0144e-13 1.1841e-12 2.0382e-12 7.8376e-13 1.9048e-12 8.7725e-13 1.0443e-12 1.1718e-12 1.5913e-12 1.607e-12
1.8556e-11 1.7916e-11 8.8085e-12 5.1309e-12 2.9708e-12 2.7538e-12 3.4377e-12 1.6704e-12 1.2142e-12 2.4368e-12 3.1802e-12 2.3908e-12 2.4499e-12 1.1269e-12 7.6353e-13 1.3526e-12 1.9366e-12 1.4765e-12 8.93e-13 7.483e-13 7.8564e-13 1.2796e-12 1.7451e-12 1.3671e-12
9.5877e-12 8.5032e-12 5.66e-12 3.7116e-12 4.2827e-12 2.7528e-12 3.1575e-12 1.3286e-12 2.5152e-12 1.5242e-12 1.2827e-12 2.0694e-12 1.6976e-12 1.2109e-12 1.366e-12 1.0732e-12 7.9608e-13 1.3661e-12 8.0543e-13 7.4462e-13 1.0365e-12 1.2825e-12 1.303e-12 1.3894e-12
6.3052e-12 4.8703e-12 4.7288e-12 5.6242e-12 3.3351e-12 3.5795e-12 2.3927e-12 2.6176e-12 1.342e-12 1.4598e-12 1.803e-12 2.458e-12 1.4126e-12 1.3894e-12 1.351e-12 1.5051e-12 8.9049e-13 9.0827e-13 8.4358e-13 9.2349e-13 1.1075e-12 1.1941e-12 1.0736e-12 1.2689e-12
8.9273e-12 6.7883e-12 4.145e-12 3.4735e-12 3.288e-12 4.2943e-12 3.1798e-12 3.3124e-12 1.012e-12 1.1792e-12 2.2528e-12 1.7042e-12 1.7103e-12 1.7877e-12 2.3181e-12 1.202e-12 7.5434e-13 6.3471e-13 7.9271e-13 8.6369e-13 1.333e-12 1.3069e-12 1.9661e-12 1.674e-12
8.4387e-12 8.8234e-12 6.8621e-12 3.8623e-12 3.4262e-12 2.8791e-12 2.8636e-12 1.2661e-12 2.7526e-12 1.5276e-12 1.4255e-12 2.1774e-12 1.9232e-12 1.0971e-12 1.1772e-12 1.0488e-12 8.2662e-13 1.3382e-12 1.0005e-12 7.4815e-13 9.6095e-13 1.155e-12 1.294e-12 1.3984e-12
1.111e-11 9.9166e-12 7.3639e-12 3.6346e-12 3.2491e-12 2.7325e-12 1.6585e-12 2.7722e-12 1.3448e-12 2.0511e-12 2.2675e-12 1.8566e-12 1.1847e-12 1.1419e-12 9.3736e-13 1.5804e-12 1.3862e-12 1.0192e-12 9.7256e-13 7.548e-13 1.0093e-12 1.1069e-12 1.2298e-12 1.1355e-12
9.9445e-12 1.0128e-11 7.0667e-12 3.1792e-12 3.3514e-12 2.7056e-12 2.776e-12 1.3801e-12 2.3053e-12 1.4944e-12 1.3489e-12 2.2294e-12 2.009e-12 1.1753e-12 1.2744e-12 9.7356e-13 8.1143e-13 1.4692e-12 7.874e-13 7.9323e-13 9.8433e-13 1.2488e-12 1.3593e-12 1.4941e-12
9.3544e-12 7.4672e-12 4.1534e-12 3.6455e-12 3.4364e-12 4.2247e-12 3.211e-12 3.1205e-12 9.5502e-13 1.3337e-12 2.8256e-12 1.4768e-12 1.8466e-12 1.4464e-12 2.7068e-12 1.2654e-12 7.4049e-13 6.6902e-13 6.3533e-13 8.293e-13 1.2959e-12 1.18e-12 1.7182e-12 1.665e-12
7.0376e-12 5.9423e-12 4.3769e-12 4.2069e-12 3.9477e-12 3.7205e-12 4.7606e-12 3.4323e-12 1.2614e-12 1.358e-12 1.4629e-12 1.4613e-12 1.643e-12 1.7994e-12 1.5003e-12 1.4287e-12 7.3662e-13 7.1331e-13 8.1267e-13 7.0138e-13 1.6208e-12 1.4716e-12 1.6135e-12 1.716e-12
6.4409e-12 6.1965e-12 4.6262e-12 4.7553e-12 3.5812e-12 4.7328e-12 2.9344e-12 3.2127e-12 1.285e-12 1.4781e-12 1.4144e-12 1.3035e-12 1.5272e-12 1.9071e-12 1.401e-12 1.4763e-12 6.943e-13 7.1273e-13 7.6245e-13 7.276e-13 1.6006e-12 1.6305e-12 1.6202e-12 1.7046e-12
6.045e-12 4.823e-12 4.5795e-12 4.888e-12 3.6257e-12 3.167e-12 2.7356e-12 2.5332e-12 1.4005e-12 1.4192e-12 2.0549e-12 2.3861e-12 1.5117e-12 1.5288e-12 1.2017e-12 1.3736e-12 1.0173e-12 9.0742e-13 8.7349e-13 9.4203e-13 1.1818e-12 1.1547e-12 1.1378e-12 1.2146e-12
5.3227e-12 5.8995e-12 3.5968e-12 3.8172e-12 3.7931e-12 3.4544e-12 1.6815e-12 1.8308e-12 1.9334e-12 2.1739e-12 1.815e-12 2.0114e-12 1.2322e-12 1.1842e-12 1.0528e-12 1.1755e-12 9.7926e-13 9.4255e-13 9.3228e-13 9.4359e-13 1.1521e-12 1.1569e-12 1.107e-12 1.0339e-12
5.0431e-12 5.3623e-12 4.7968e-12 5.52e-12 2.8833e-12 3.5939e-12 2.7348e-12 2.9859e-12 1.4591e-12 1.492e-12 2.1173e-12 1.9183e-12 1.3029e-12 1.2773e-12 1.3907e-12 1.366e-12 9.7563e-13 1.0323e-12 9.1844e-13 9.5775e-13 1.1556e-12 1.3099e-12 1.2197e-12 1.2534e-12
6.726e-12 6.4205e-12 5.2042e-12 4.6157e-12 3.7847e-12 3.7657e-12 3.4008e-12 3.3056e-12 1.2585e-12 1.4341e-12 1.4404e-12 1.5337e-12 1.6496e-12 1.9657e-12 1.2867e-12 1.354e-12 6.868e-13 7.008e-13 7.2727e-13 7.3851e-13 1.6838e-12 1.538e-12 1.6959e-12 1.6352e-12
6.1627e-12 6.4709e-12 6.6656e-12 6.9794e-12 4.2609e-12 4.2499e-12 3.8704e-12 3.6231e-12 2.6436e-12 3.4335e-12 8.4231e-13 9.5042e-13 1.514e-12 1.565e-12 1.8377e-12 1.9484e-12 6.2816e-13 6.1453e-13 7.6533e-13 5.9909e-13 1.8856e-12 1.7872e-12 1.8336e-12 2.1523e-12
9.8749e-12 5.3499e-12 5.1943e-12 4.0633e-12 4.0795e-12 3.7038e-12 3.1016e-12 3.2389e-12 1.2166e-12 1.5425e-12 2.0921e-12 1.6724e-12 1.808e-12 1.4407e-12 2.3645e-12 1.2913e-12 6.3949e-13 7.0807e-13 7.5235e-13 7.7062e-13 1.3013e-12 1.1762e-12 1.9531e-12 1.6377e-12
1.1928e-11 6.9993e-12 5.3071e-12 4.3018e-12 3.5151e-12 2.7516e-12 2.4944e-12 1.4765e-12 2.5004e-12 1.4384e-12 1.1728e-12 1.9562e-12 2.2029e-12 1.1192e-12 1.4551e-12 9.5309e-13 6.4195e-13 1.3965e-12 9.0427e-13 6.7415e-13 1.081e-12 1.4252e-12 1.2882e-12 1.4913e-12
8.1007e-12 8.4791e-12 8.4052e-12 3.0436e-12 3.8199e-12 2.9864e-12 1.9646e-12 2.7813e-12 1.2151e-12 2.2753e-12 2.5679e-12 2.1075e-12 1.1589e-12 1.1233e-12 7.9221e-13 1.3981e-12 1.1412e-12 1.1814e-12 9.8682e-13 1.0494e-12 1.0195e-12 1.1544e-12 1.2341e-12 1.0914e-12
1.1441e-11 8.1849e-12 4.754e-12 3.9025e-12 3.6682e-12 2.9715e-12 2.7686e-12 1.4661e-12 2.5216e-12 1.5642e-12 1.257e-12 2.0636e-12 2.0089e-12 1.2495e-12 1.1965e-12 9.1944e-13 7.0636e-13 1.2985e-12 9.5092e-13 7.2118e-13 1.177e-12 1.3228e-12 1.2186e-12 1.3173e-12
8.2868e-12 5.6509e-12 4.4359e-12 4.0393e-12 3.1902e-12 3.9053e-12 3.2207e-12 3.2956e-12 1.2015e-12 1.5575e-12 1.8801e-12 1.6953e-12 2.102e-12 1.6686e-12 2.3097e-12 1.2221e-12 6.6806e-13 6.8382e-13 8.3155e-13 7.9643e-13 1.3048e-12 1.3554e-12 1.7666e-12 1.5456e-12
7.9186e-12 6.6931e-12 4.9592e-12 5.1976e-12 3.7521e-12 4.2544e-12 3.6236e-12 4.0067e-12 1.2608e-12 1.4417e-12 1.3429e-12 1.4126e-12 1.7064e-12 1.8912e-12 1.3316e-12 1.3787e-12 6.1623e-13 6.7512e-13 9.0574e-13 9.3505e-13 1.6112e-12 1.505e-12 1.7431e-12 1.8099e-12
1.3558e-11 7.6763e-12 5.9672e-12 3.5695e-12 3.9604e-12 2.9614e-12 2.8311e-12 1.4701e-12 2.6993e-12 1.4246e-12 1.1982e-12 2.043e-12 1.9897e-12 1.1633e-12 1.3429e-12 8.6433e-13 6.5639e-13 1.4047e-12 8.9211e-13 6.7606e-13 1.1972e-12 1.4323e-12 1.3291e-12 1.4069e-12
2.3969e-11 1.4746e-11 8.7293e-12 3.7275e-12 2.6682e-12 3.7614e-12 3.4291e-12 1.293e-12 9.7965e-13 2.6959e-12 2.3918e-12 2.2445e-12 2.311e-12 9.5165e-13 7.2027e-13 1.2657e-12 1.7234e-12 1.3095e-12 1.0298e-12 7.5149e-13 7.7618e-13 1.2686e-12 1.5997e-12 1.2639e-12
2.5756e-11 1.9802e-11 1.6577e-11 3.6886e-12 2.9645e-12 1.7741e-12 3.5955e-12 2.4295e-12 2.9011e-12 2.4166e-12 1.187e-12 1.3045e-12 2.67e-12 2.5905e-12 9.1902e-13 1.0987e-12 1.0641e-12 1.8812e-12 1.778e-12 9.1055e-13 9.4907e-13 1.1715e-12 1.471e-12 1.5133e-12
2.4316e-11 1.5561e-11 9.1869e-12 3.9813e-12 2.8139e-12 2.9318e-12 3.5221e-12 1.434e-12 1.1486e-12 3.1969e-12 2.5569e-12 2.5042e-12 2.375e-12 9.4619e-13 7.7014e-13 1.3461e-12 1.6573e-12 1.5561e-12 1.0625e-12 8.1776e-13 7.7708e-13 1.2399e-12 1.5195e-12 1.4751e-12
1.0266e-11 8.301e-12 5.2764e-12 3.3196e-12 4.011e-12 2.9592e-12 3.0667e-12 1.5278e-12 2.4416e-12 1.4702e-12 1.4593e-12 2.0733e-12 2.1659e-12 1.165e-12 1.3634e-12 9.1389e-13 6.6512e-13 1.26e-12 9.5591e-13 7.4116e-13 1.1835e-12 1.2053e-12 1.3637e-12 1.4318e-12
5.4125e-12 5.2403e-12 4.4364e-12 4.8082e-12 3.3049e-12 3.6024e-12 2.6459e-12 2.5123e-12 1.374e-12 1.3353e-12 1.7828e-12 2.2756e-12 1.3944e-12 1.3995e-12 1.274e-12 1.4501e-12 8.4088e-13 8.4054e-13 8.7729e-13 8.7957e-13 1.1307e-12 1.189e-12 1.0936e-12 1.2411e-12
9.8996e-12 8.1784e-12 7.2236e-12 3.3352e-12 3.9916e-12 2.7336e-12 2.0054e-12 2.9519e-12 1.1648e-12 1.8244e-12 2.3446e-12 2.1426e-12 1.3776e-12 1.1581e-12 7.5448e-13 1.5142e-12 1.0709e-12 1.1336e-12 9.5878e-13 1.2161e-12 9.4413e-13 1.2562e-12 1.1671e-12 1.1163e-12
2.6402e-11 2.056e-11 1.6945e-11 4.0402e-12 3.0488e-12 2.0269e-12 2.9496e-12 2.3911e-12 2.8374e-12 2.1053e-12 1.1549e-12 1.2724e-12 2.0715e-12 2.6072e-12 9.4397e-13 1.1013e-12 1.0646e-12 1.6106e-12 1.6334e-12 9.3014e-13 9.5534e-13 1.1571e-12 1.4094e-12 1.6581e-12
1.5393e-10 1.4931e-10 1.4204e-10 3.4021e-12 3.9126e-12 1.9525e-12 2.2512e-12 1.2286e-12 1.0035e-12 1.2597e-12 2.6293e-12 2.5442e-12 2.7795e-12 2.8e-12 2.7602e-11 1.1431e-12 1.2337e-12 3.3501e-12 1.9068e-12 1.0198e-12 9.2726e-13 1.1952e-12 1.758e-12 1.8415e-12
2.622e-11 1.8243e-11 1.743e-11 3.9742e-12 3.0177e-12 1.8171e-12 2.5256e-12 2.3522e-12 2.7163e-12 2.378e-12 1.2326e-12 1.2072e-12 2.6092e-12 2.9646e-12 9.2289e-13 1.1748e-12 1.0979e-12 2.0493e-12 1.6396e-12 9.7894e-13 9.3595e-13 1.2281e-12 1.3693e-12 1.539e-12
8.4052e-12 8.6105e-12 7.8375e-12 3.4061e-12 3.7647e-12 2.7281e-12 2.0788e-12 2.4413e-12 1.1247e-12 1.8789e-12 2.3852e-12 2.0151e-12 1.2893e-12 1.0846e-12 7.9498e-13 1.3942e-12 9.9244e-13 1.2062e-12 9.1232e-13 1.1253e-12 9.3827e-13 1.1465e-12 1.1513e-12 1.0637e-12
4.8861e-12 5.6015e-12 4.1603e-12 3.8751e-12 2.9888e-12 3.7655e-12 1.5855e-12 1.813e-12 2.0797e-12 2.0294e-12 1.6401e-12 2.4177e-12 1.3258e-12 1.3199e-12 1.21e-12 1.312e-12 9.1672e-13 9.7899e-13 9.7515e-13 9.3997e-13 1.1536e-12 1.1077e-12 1.2097e-12 1.1001e-12
9.9267e-12 8.4673e-12 5.5833e-12 4.0411e-12 3.7034e-12 2.9521e-12 2.6636e-12 1.4388e-12 2.6941e-12 1.4524e-12 1.3674e-12 2.0583e-12 2.1857e-12 1.2398e-12 1.3604e-12 9.0061e-13 7.0403e-13 1.3099e-12 9.1539e-13 7.2221e-13 1.1786e-12 1.1423e-12 1.2351e-12 1.3912e-12
2.4219e-11 1.5554e-11 7.3293e-12 4.1707e-12 3.3737e-12 2.9358e-12 2.8772e-12 1.3168e-12 1.2504e-12 2.7258e-12 2.8092e-12 2.0476e-12 2.031e-12 8.9181e-13 7.4426e-13 1.3323e-12 1.7896e-12 1.3761e-12 1.073e-12 8.4014e-13 7.7861e-13 1.2269e-12 1.539e-12 1.4074e-12
2.4651e-11 2.0713e-11 1.6444e-11 4.343e-12 3.2421e-12 1.8111e-12 3.2456e-12 2.3327e-12 2.6688e-12 2.3597e-12 1.1987e-12 1.2697e-12 2.6056e-12 2.7167e-12 9.1756e-13 1.1443e-12 1.0548e-12 1.8306e-12 1.6718e-12 1.011e-12 1.0494e-12 1.1667e-12 1.427e-12 1.6308e-12
2.8497e-11 1.7419e-11 1.1345e-11 3.5273e-12 3.014e-12 2.973e-12 3.4207e-12 1.2636e-12 1.2652e-12 2.1832e-12 3.0574e-12 2.3931e-12 2.2602e-12 1.0345e-12 6.8024e-13 1.2924e-12 1.735e-12 1.2269e-12 1.0688e-12 7.6316e-13 7.774e-13 1.3369e-12 1.4975e-12 1.3824e-12
1.0519e-11 7.5071e-12 5.1126e-12 4.3536e-12 3.9568e-12 2.5822e-12 2.689e-12 1.5197e-12 2.6138e-12 1.5477e-12 1.2865e-12 1.9024e-12 1.898e-12 1.1666e-12 1.388e-12 9.8821e-13 6.856e-13 1.3661e-12 9.4594e-13 7.0239e-13 1.2346e-12 1.1941e-12 1.3032e-12 1.4089e-12
5.0652e-12 5.4127e-12 5.2785e-12 5.1511e-12 3.5544e-12 3.9129e-12 2.5385e-12 2.7956e-12 1.3431e-12 1.3766e-12 1.7413e-12 2.2986e-12 1.3635e-12 1.4322e-12 1.2573e-12 1.4521e-12 7.9234e-13 8.3562e-13 8.7296e-13 8.593e-13 1.077e-12 1.0245e-12 1.1732e-12 1.2787e-12
8.1179e-12 5.7651e-12 5.3174e-12 3.9056e-12 3.6494e-12 3.9617e-12 3.4423e-12 3.5499e-12 1.232e-12 9.1815e-13 2.0334e-12 1.6112e-12 2.1483e-12 1.4513e-12 2.0767e-12 1.2663e-12 6.8053e-13 7.2494e-13 7.7539e-13 7.8437e-13 1.4095e-12 1.3133e-12 1.9936e-12 1.7485e-12
1.2628e-11 6.9314e-12 5.5532e-12 3.4717e-12 3.5076e-12 2.853e-12 2.7355e-12 1.369e-12 2.4911e-12 1.7016e-12 1.3319e-12 2.0302e-12 2.0736e-12 1.1986e-12 1.2419e-12 8.9393e-13 7.0022e-13 1.5225e-12 1.0673e-12 7.3561e-13 1.1849e-12 1.1567e-12 1.1794e-12 1.4987e-12
8.8011e-12 9.3033e-12 8.0504e-12 2.9544e-12 3.4963e-12 2.7442e-12 2.0554e-12 2.737e-12 1.2209e-12 2.2365e-12 2.3923e-12 2.1303e-12 1.2716e-12 1.0615e-12 8.2102e-13 1.6621e-12 1.2255e-12 1.1696e-12 9.205e-13 1.0211e-12 9.9402e-13 1.1724e-12 1.2574e-12 1.07e-12
1.2041e-11 7.8305e-12 4.6087e-12 3.8477e-12 3.3725e-12 2.5793e-12 2.9099e-12 1.434e-12 2.5517e-12 1.4287e-12 1.2529e-12 2.0008e-12 1.7837e-12 1.1743e-12 1.4027e-12 9.2031e-13 6.9411e-13 1.4953e-12 9.332e-13 7.3081e-13 1.1322e-12 1.1207e-12 1.3845e-12 1.4246e-12
8.8489e-12 5.4877e-12 4.3567e-12 4.4391e-12 3.8986e-12 4.5991e-12 3.1738e-12 3.3655e-12 1.1995e-12 1.434e-12 2.0354e-12 1.4585e-12 1.6188e-12 1.4284e-12 2.3873e-12 1.3766e-12 6.8712e-13 6.6015e-13 7.3892e-13 7.47e-13 1.416e-12 1.4152e-12 1.6941e-12 1.5497e-12
6.2483e-12 6.1442e-12 4.9878e-12 5.2232e-12 4.3879e-12 4.1858e-12 3.6893e-12 3.5154e-12 1.3623e-12 1.6607e-12 1.4564e-12 1.3436e-12 1.9606e-12 1.7686e-12 1.4137e-12 1.3201e-12 6.685e-13 6.9203e-13 8.8554e-13 8.6832e-13 1.4375e-12 1.5192e-12 1.7616e-12 1.7549e-12
6.4637e-12 5.9186e-12 5.3533e-12 4.6153e-12 3.8227e-12 3.4953e-12 3.3786e-12 3.846e-12 1.375e-12 1.4681e-12 1.3039e-12 1.2903e-12 1.7377e-12 1.7944e-12 1.5365e-12 1.5002e-12 6.4797e-13 6.8558e-13 1.0505e-12 8.3109e-13 1.6454e-12 1.6388e-12 1.6685e-12 1.8609e-12
4.916e-12 5.1988e-12 4.8045e-12 4.4452e-12 3.2498e-12 3.5247e-12 2.556e-12 2.4539e-12 1.3152e-12 1.3925e-12 2.1222e-12 2.0249e-12 1.4822e-12 1.3298e-12 1.4079e-12 1.3719e-12 8.6485e-13 7.9816e-13 8.7992e-13 8.9668e-13 1.2432e-12 1.1632e-12 1.1639e-12 1.2034e-12
5.5803e-12 5.7588e-12 4.2386e-12 3.9279e-12 4.3944e-12 3.5235e-12 1.813e-12 1.6969e-12 2.1395e-12 2.445e-12 1.9544e-12 2.0494e-12 1.2737e-12 1.2768e-12 1.1838e-12 1.2254e-12 8.7062e-13 8.5213e-13 8.7793e-13 9.5976e-13 1.0462e-12 1.1308e-12 1.2653e-12 1.1246e-12
4.9987e-12 4.8976e-12 4.9146e-12 5.3192e-12 3.3355e-12 3.0021e-12 2.6983e-12 3.2593e-12 1.2676e-12 1.513e-12 1.9974e-12 2.2253e-12 1.5547e-12 1.3901e-12 1.2944e-12 1.7172e-12 7.9466e-13 8.5102e-13 9.5852e-13 8.8755e-13 1.0895e-12 1.1984e-12 1.2473e-12 1.3271e-12
7.4825e-12 5.701e-12 4.4918e-12 5.8515e-12 3.5489e-12 4.1995e-12 3.5974e-12 3.9645e-12 1.4874e-12 1.4386e-12 1.391e-12 1.2634e-12 1.942e-12 1.9948e-12 1.3704e-12 1.3886e-12 6.6206e-13 6.7656e-13 9.2895e-13 9.3062e-13 1.4358e-12 1.6881e-12 1.7208e-12 1.5284e-12
5.9074e-12 7.005e-12 6.3017e-12 6.4829e-12 3.9365e-12 4.0281e-12 3.8536e-12 4.437e-12 2.6901e-12 3.3268e-12 9.1124e-13 1.0565e-12 1.5857e-12 1.737e-12 1.5526e-12 2.1851e-12 7.0834e-13 7.3511e-13 8.4262e-13 7.8994e-13 2.0226e-12 2.0228e-12 2.0102e-12 2.066e-12
9.7673e-12 5.3384e-12 4.72e-12 4.2524e-12 3.9406e-12 3.7318e-12 3.0894e-12 3.1852e-12 1.2232e-12 1.7112e-12 2.0411e-12 1.4604e-12 1.814e-12 1.3548e-12 2.2681e-12 1.2281e-12 6.1158e-13 7.5347e-13 7.3922e-13 7.7052e-13 1.4041e-12 1.2489e-12 1.6127e-12 1.6219e-12
1.1934e-11 6.7055e-12 4.76e-12 2.6681e-12 3.5667e-12 3.0753e-12 3.0105e-12 1.877e-12 2.6062e-12 1.3337e-12 1.1964e-12 1.9253e-12 1.7507e-12 1.2383e-12 1.4326e-12 9.0966e-13 6.4746e-13 1.4333e-12 9.6177e-13 6.6106e-13 1.1659e-12 1.0812e-12 1.2844e-12 1.494e-12
8.2962e-12 9.9171e-12 6.3638e-12 4.3152e-12 3.4725e-12 2.7571e-12 1.4783e-12 2.7481e-12 2.4262e-12 2.0995e-12 2.2776e-12 2.035e-12 1.2468e-12 1.1045e-12 7.5284e-13 1.534e-12 1.1891e-12 1.0492e-12 1.1898e-12 1.076e-12 1.0214e-12 1.0999e-12 1.1391e-12 1.0144e-12
1.3195e-11 6.5679e-12 4.8288e-12 3.3153e-12 4.0204e-12 3.2542e-12 2.8419e-12 1.7321e-12 2.7012e-12 1.3981e-12 1.2353e-12 2.222e-12 2.2437e-12 1.1905e-12 1.3862e-12 8.6705e-13 6.733e-13 1.4195e-12 1.1243e-12 7.146e-13 1.1735e-12 1.2964e-12 1.2287e-12 1.4716e-12
9.7435e-12 5.7659e-12 4.7996e-12 4.0982e-12 3.7336e-12 4.5239e-12 3.623e-12 3.2259e-12 1.3485e-12 1.5842e-12 1.7376e-12 1.7072e-12 2.5004e-12 1.6107e-12 2.0272e-12 1.1896e-12 6.2686e-13 7.9267e-13 7.7845e-13 8.2565e-13 1.2157e-12 1.229e-12 1.7525e-12 1.6683e-12
6.5292e-12 6.2078e-12 6.4319e-12 5.5581e-12 3.9162e-12 3.3485e-12 4.0728e-12 5.3625e-12 1.3191e-12 1.6267e-12 1.3589e-12 1.2685e-12 1.9853e-12 2.2087e-12 1.4109e-12 1.5896e-12 6.1655e-13 6.508e-13 9.4288e-13 9.8895e-13 1.5383e-12 1.5281e-12 1.589e-12 1.574e-12
1.4038e-11 7.2807e-12 4.7402e-12 3.0346e-12 3.9052e-12 2.6168e-12 2.7325e-12 1.9914e-12 2.6019e-12 1.3673e-12 1.1546e-12 1.7786e-12 1.8583e-12 1.119e-12 1.4909e-12 8.8534e-13 6.6709e-13 1.5294e-12 9.8517e-13 6.8243e-13 1.1326e-12 1.169e-12 1.2684e-12 1.4677e-12
2.8958e-11 1.6023e-11 9.4082e-12 4.1971e-12 3.4983e-12 2.9023e-12 3.3336e-12 1.7038e-12 1.6684e-12 2.2388e-12 2.7299e-12 2.2544e-12 2.8062e-12 8.4275e-13 8.232e-13 1.2155e-12 1.6745e-12 1.3108e-12 1.1653e-12 7.7166e-13 7.9636e-13 1.1384e-12 1.4266e-12 1.2991e-12
2.5141e-11 2.2357e-11 2.3149e-11 3.7827e-12 2.7852e-12 2.3245e-12 3.3413e-12 2.4074e-12 2.796e-12 2.1797e-12 1.0976e-12 1.3627e-12 2.29e-12 2.5785e-12 1.0559e-12 1.1175e-12 1.0886e-12 1.8828e-12 1.6354e-12 9.7253e-13 1.0157e-12 1.1732e-12 1.4979e-12 1.4375e-12
3.0239e-11 1.5233e-11 9.0261e-12 3.952e-12 2.8646e-12 3.03e-12 3.2756e-12 1.6552e-12 1.6704e-12 2.87e-12 2.9686e-12 2.3977e-12 2.1523e-12 8.841e-13 8.0345e-13 1.3915e-12 1.6781e-12 1.4169e-12 1.3233e-12 8.5471e-13 8.1017e-13 1.2006e-12 1.4533e-12 1.4253e-12
1.1732e-11 7.7753e-12 4.212e-12 3.2065e-12 4.4165e-12 2.9103e-12 2.8761e-12 2.0887e-12 2.5166e-12 1.3563e-12 1.4035e-12 2.1027e-12 1.9481e-12 1.197e-12 1.4661e-12 9.0231e-13 6.5711e-13 1.2943e-12 1.1417e-12 6.9696e-13 1.3081e-12 1.2282e-12 1.3052e-12 1.3823e-12
6.1226e-12 4.8491e-12 5.2598e-12 5.1974e-12 3.2802e-12 3.5951e-12 2.8615e-12 2.9707e-12 1.3685e-12 1.2957e-12 1.8893e-12 2.2277e-12 1.4429e-12 1.4131e-12 1.255e-12 1.4557e-12 7.4515e-13 7.7448e-13 8.7516e-13 8.7911e-13 1.1554e-12 1.0858e-12 1.0901e-12 1.2424e-12
8.5973e-12 9.3469e-12 6.722e-12 3.4748e-12 3.7159e-12 2.8645e-12 1.232e-12 2.7844e-12 2.2242e-12 2.1349e-12 2.3176e-12 2.2445e-12 1.1908e-12 1.1115e-12 7.6422e-13 1.8178e-12 1.0794e-12 1.1331e-12 1.1337e-12 1.1056e-12 9.0628e-13 1.1613e-12 1.1386e-12 1.0284e-12
2.613e-11 2.3482e-11 2.4753e-11 5.2476e-12 2.7112e-12 2.4356e-12 3.0186e-12 2.7868e-12 2.8668e-12 2.1978e-12 1.0378e-12 1.554e-12 2.3633e-12 2.6302e-12 9.5324e-13 1.0791e-12 1.2333e-12 1.8012e-12 1.5509e-12 9.9373e-13 1.0137e-12 1.1593e-12 1.5916e-12 1.6928e-12
5.4828e-13 3.1037e-13 3.0746e-13 4.386e-12 4.0047e-12 1.8903e-12 2.4402e-12 1.6998e-12 1.5874e-12 2.4162e-12 2.9399e-12 1.5388e-12 3.2013e-12 2.5867e-12 8.8512e-13 1.144e-12 1.0661e-12 2.9546e-12 1.9859e-12 1.1141e-12 9.7734e-13 1.1369e-12 1.6669e-12 1.9738e-12
2.3192e-11 2.1665e-11 2.4267e-11 3.6749e-12 3.564e-12 2.2398e-12 2.869e-12 2.5742e-12 2.9146e-12 2.1002e-12 1.0987e-12 1.4243e-12 2.0004e-12 2.6234e-12 9.169e-13 1.1202e-12 1.2713e-12 1.8625e-12 1.66e-12 1.0219e-12 9.7865e-13 1.2473e-12 1.4106e-12 1.6019e-12
7.9463e-12 9.4228e-12 7.5304e-12 3.4052e-12 3.8485e-12 2.8346e-12 1.4198e-12 3.0581e-12 2.4404e-12 1.9427e-12 2.6851e-12 2.1708e-12 1.2482e-12 1.0818e-12 7.6838e-13 1.4805e-12 1.1277e-12 1.0439e-12 1.1891e-12 1.2092e-12 9.6302e-13 1.2484e-12 1.1634e-12 1.0722e-12
6.3452e-12 6.3979e-12 4.238e-12 3.5727e-12 2.9634e-12 3.6919e-12 1.5866e-12 1.715e-12 1.8472e-12 2.1967e-12 1.5592e-12 3.191e-12 1.2357e-12 1.5522e-12 1.1249e-12 1.3637e-12 8.3256e-13 8.702e-13 8.9054e-13 9.8838e-13 1.1572e-12 1.0305e-12 1.1185e-12 1.1461e-12
1.0248e-11 7.3075e-12 4.2344e-12 3.0947e-12 4.153e-12 2.7322e-12 2.8133e-12 1.8903e-12 2.5611e-12 1.4486e-12 1.2735e-12 2.1638e-12 2.1247e-12 1.1903e-12 1.4916e-12 8.7752e-13 6.7732e-13 1.1285e-12 1.0293e-12 7.4016e-13 1.2257e-12 1.2486e-12 1.3087e-12 1.4458e-12
2.9576e-11 1.4227e-11 8.7157e-12 4.006e-12 3.0152e-12 3.1295e-12 3.1013e-12 1.424e-12 1.8478e-12 2.6378e-12 3.5385e-12 2.2483e-12 1.9785e-12 9.0947e-13 7.9553e-13 1.3148e-12 1.8435e-12 1.4951e-12 1.1231e-12 8.4014e-13 7.6232e-13 1.1138e-12 1.6585e-12 1.3324e-12
2.2231e-11 1.9592e-11 2.3667e-11 3.8685e-12 2.7109e-12 2.4946e-12 3.0069e-12 2.5309e-12 2.8953e-12 2.5833e-12 1.1767e-12 1.3067e-12 2.5589e-12 2.467e-12 1.021e-12 1.0759e-12 1.1296e-12 1.9657e-12 1.6869e-12 1.0417e-12 9.36e-13 1.0725e-12 1.4454e-12 1.4453e-12
2.7116e-11 1.5253e-11 8.5288e-12 4.0437e-12 3.2159e-12 3.1778e-12 3.279e-12 1.6322e-12 1.676e-12 2.6324e-12 2.9278e-12 2.5592e-12 2.8131e-12 8.5678e-13 8.369e-13 1.3305e-12 1.7895e-12 1.3726e-12 1.1945e-12 7.5031e-13 8.2452e-13 1.2733e-12 1.5396e-12 1.3886e-12
1.2886e-11 7.0696e-12 4.8974e-12 3.3072e-12 3.6038e-12 2.8384e-12 2.7889e-12 1.9712e-12 2.5492e-12 1.3686e-12 1.1569e-12 1.9606e-12 1.9651e-12 1.0898e-12 1.3796e-12 8.6974e-13 6.5107e-13 1.4664e-12 8.9198e-13 6.6228e-13 1.289e-12 1.1891e-12 1.2985e-12 1.542e-12
5.1115e-12 5.0766e-12 5.716e-12 5.4295e-12 3.3079e-12 3.308e-12 2.7217e-12 2.6979e-12 1.3078e-12 1.3154e-12 1.8131e-12 2.3595e-12 1.5662e-12 1.4854e-12 1.2235e-12 1.4719e-12 7.2753e-13 7.7018e-13 8.7916e-13 9.3362e-13 1.2511e-12 1.1611e-12 1.1334e-12 1.2031e-12
9.0238e-12 5.4207e-12 4.8412e-12 4.0331e-12 3.5626e-12 4.0806e-12 3.4389e-12 3.1207e-12 1.4141e-12 1.4967e-12 1.7847e-12 1.6716e-12 2.0942e-12 1.387e-12 2.8604e-12 1.1993e-12 6.3587e-13 7.2573e-13 8.3018e-13 8.0097e-13 1.3517e-12 1.2518e-12 1.7413e-12 1.591e-12
1.1064e-11 6.5813e-12 4.6787e-12 3.5432e-12 4.1699e-12 2.9509e-12 2.7551e-12 1.8451e-12 2.6493e-12 1.4056e-12 1.1781e-12 1.8996e-12 1.979e-12 1.224e-12 1.1791e-12 9.4605e-13 6.4676e-13 1.4202e-12 1.0454e-12 7.1823e-13 1.1833e-12 1.1563e-12 1.3021e-12 1.4183e-12
8.6901e-12 8.8462e-12 7.0469e-12 3.9065e-12 3.9085e-12 2.847e-12 1.4537e-12 2.7503e-12 2.5075e-12 2.1988e-12 3.1275e-12 2.1919e-12 1.2543e-12 1.1237e-12 8.0191e-13 1.5266e-12 1.111e-12 1.0876e-12 1.1766e-12 1.0744e-12 1.0688e-12 1.2324e-12 1.1489e-12 1.0687e-12
1.1463e-11 6.223e-12 3.9541e-12 2.9878e-12 3.9633e-12 2.8322e-12 2.7067e-12 1.943e-12 2.6241e-12 1.3849e-12 1.1493e-12 2.0257e-12 2.0149e-12 1.2378e-12 1.299e-12 9.0656e-13 6.5398e-13 1.4674e-12 9.0185e-13 6.7879e-13 1.1742e-12 1.2674e-12 1.3542e-12 1.6064e-12
9.0827e-12 5.2541e-12 5.461e-12 4.2488e-12 3.8636e-12 3.9777e-12 2.9886e-12 3.4578e-12 1.2461e-12 1.6987e-12 2.2036e-12 1.5464e-12 1.6846e-12 1.3435e-12 2.2799e-12 1.333e-12 6.0534e-13 7.031e-13 7.6305e-13 7.3673e-13 1.2917e-12 1.4001e-12 1.7823e-12 1.481e-12
6.5975e-12 6.5454e-12 5.5589e-12 4.992e-12 4.118e-12 3.1953e-12 4.1511e-12 5.0175e-12 1.3573e-12 1.6701e-12 1.4098e-12 1.3858e-12 1.7009e-12 1.8699e-12 1.3516e-12 1.3469e-12 6.4321e-13 6.4228e-13 9.1957e-13 1.1612e-12 1.6198e-12 1.4731e-12 1.7991e-12 1.7891e-12
6.9908e-12 7.4865e-12 5.104e-12 4.512e-12 3.4703e-12 4.2613e-12 4.4375e-12 4.2147e-12 1.4894e-12 1.4627e-12 1.3254e-12 1.3688e-12 1.6089e-12 1.9076e-12 1.3572e-12 1.3402e-12 5.9694e-13 6.2466e-13 1.0526e-12 9.8947e-13 1.6066e-12 1.6792e-12 1.8066e-12 1.6076e-12
5.7029e-12 5.8375e-12 4.9737e-12 4.7939e-12 3.9778e-12 2.9908e-12 2.7299e-12 2.916e-12 1.3405e-12 1.3094e-12 1.9857e-12 2.0499e-12 1.3798e-12 1.3667e-12 1.3038e-12 1.4331e-12 7.574e-13 7.9238e-13 8.8357e-13 9.2869e-13 1.1808e-12 1.1755e-12 1.2525e-12 1.1836e-12
5.589e-12 5.0881e-12 4.5245e-12 4.304e-12 3.575e-12 3.6895e-12 2.0184e-12 1.9648e-12 1.9951e-12 2.576e-12 1.9187e-12 2.2747e-12 1.4312e-12 1.2803e-12 1.397e-12 1.5281e-12 8.1075e-13 8.5779e-13 9.0011e-13 8.8339e-13 1.2186e-12 1.1073e-12 1.1195e-12 1.1441e-12
5.109e-12 5.6645e-12 6.2482e-12 5.0967e-12 3.6788e-12 3.0162e-12 2.8247e-12 3.0112e-12 1.3594e-12 1.3442e-12 2.0429e-12 2.0472e-12 1.5237e-12 1.4593e-12 1.2238e-12 1.677e-12 7.7722e-13 7.6817e-13 9.7779e-13 8.6379e-13 1.1257e-12 1.1677e-12 1.226e-12 1.2419e-12
6.3278e-12 6.3908e-12 5.3033e-12 4.8258e-12 3.4237e-12 4.28e-12 4.0399e-12 4.4989e-12 1.4918e-12 1.5012e-12 1.4567e-12 1.2415e-12 1.6152e-12 1.7868e-12 1.3692e-12 1.4281e-12 6.236e-13 6.2784e-13 1.3607e-12 9.4149e-13 1.5653e-12 1.474e-12 1.6006e-12 1.6843e-12
6.0499e-12 6.7284e-12 6.3727e-12 6.7049e-12 3.6586e-12 3.5448e-12 4.2295e-12 4.3625e-12 2.6067e-12 3.249e-12 8.2801e-13 9.7236e-13 1.644e-12 1.6912e-12 1.7668e-12 1.8668e-12 7.8533e-13 7.9092e-13 1.0184e-12 8.4681e-13 2.0993e-12 1.9855e-12 1.6239e-12 1.7667e-12
9.6747e-12 5.6862e-12 4.7101e-12 3.9734e-12 3.8729e-12 4.0243e-12 2.9819e-12 3.2084e-12 1.1999e-12 1.5517e-12 2.1279e-12 1.5537e-12 1.6941e-12 1.5859e-12 2.5898e-12 1.2438e-12 6.231e-13 7.1721e-13 6.9337e-13 8.1158e-13 1.3539e-12 1.2569e-12 1.725e-12 1.6902e-12
1.1399e-11 7.399e-12 4.6868e-12 3.5897e-12 3.5872e-12 2.7257e-12 2.6214e-12 1.4243e-12 2.309e-12 1.3734e-12 1.222e-12 1.8694e-12 1.6905e-12 1.1903e-12 1.3982e-12 8.8832e-13 6.899e-13 1.4631e-12 8.9012e-13 6.9749e-13 1.0961e-12 1.1504e-12 1.3319e-12 1.3313e-12
8.7657e-12 8.8065e-12 6.9865e-12 2.7434e-12 3.797e-12 3.1796e-12 2.0501e-12 2.373e-12 1.1772e-12 1.7913e-12 2.4662e-12 1.9009e-12 1.3069e-12 1.1624e-12 8.5067e-13 1.3743e-12 1.25e-12 1.1932e-12 9.8835e-13 1.0163e-12 9.5528e-13 1.1925e-12 1.0984e-12 9.5443e-13
1.2223e-11 6.9452e-12 5.3781e-12 4.3675e-12 4.0243e-12 2.7209e-12 2.5055e-12 1.443e-12 2.325e-12 1.496e-12 1.3012e-12 1.7986e-12 2.0134e-12 1.0974e-12 1.2883e-12 9.5199e-13 6.8026e-13 1.3054e-12 9.6966e-13 6.9668e-13 1.1219e-12 1.2584e-12 1.2814e-12 1.5285e-12
8.751e-12 5.399e-12 5.2527e-12 3.9208e-12 4.0093e-12 3.8002e-12 2.9607e-12 3.7785e-12 1.2363e-12 1.3233e-12 2.2249e-12 1.6233e-12 2.1986e-12 1.3927e-12 2.4581e-12 1.1946e-12 6.941e-13 7.1394e-13 7.7592e-13 8.0832e-13 1.2808e-12 1.2829e-12 1.8269e-12 1.5699e-12
7.2882e-12 6.4025e-12 4.7605e-12 4.5574e-12 3.7316e-12 3.7995e-12 3.4061e-12 3.4174e-12 1.4519e-12 1.42e-12 1.5798e-12 1.3705e-12 2.0452e-12 1.9882e-12 1.3608e-12 1.3458e-12 7.2957e-13 6.7702e-13 9.1515e-13 9.4368e-13 1.9322e-12 1.4123e-12 1.7284e-12 1.7031e-12
1.0708e-11 8.2755e-12 5.186e-12 3.7281e-12 3.842e-12 2.6679e-12 2.7438e-12 1.5067e-12 2.2817e-12 1.5311e-12 1.2009e-12 2.0185e-12 2.0567e-12 1.0563e-12 1.448e-12 9.4489e-13 7.1984e-13 1.3493e-12 9.0148e-13 6.7974e-13 1.1612e-12 1.2828e-12 1.2781e-12 1.4816e-12
2.7809e-11 1.457e-11 9.3713e-12 3.3233e-12 2.6773e-12 2.82e-12 3.1853e-12 1.3208e-12 9.549e-13 2.0965e-12 3.2766e-12 2.1334e-12 2.405e-12 9.4287e-13 7.631e-13 1.3433e-12 1.7181e-12 1.2922e-12 1.1019e-12 7.849e-13 8.0406e-13 1.1958e-12 1.498e-12 1.3364e-12
2.0775e-11 2.092e-11 1.886e-11 4.4189e-12 2.8772e-12 1.6587e-12 2.9642e-12 2.7236e-12 2.8967e-12 2.3285e-12 1.243e-12 1.263e-12 2.5548e-12 2.5642e-12 9.9639e-13 1.076e-12 1.0752e-12 1.7773e-12 1.6967e-12 9.6107e-13 9.1757e-13 1.1359e-12 1.396e-12 1.642e-12
2.4731e-11 1.5122e-11 7.7262e-12 4.1091e-12 3.0028e-12 3.3986e-12 3.1765e-12 1.4587e-12 1.3104e-12 2.94e-12 2.8151e-12 2.2568e-12 2.1848e-12 9.2566e-13 7.3673e-13 1.2997e-12 1.7945e-12 1.4147e-12 1.0441e-12 8.6231e-13 8.3934e-13 1.2203e-12 1.6124e-12 1.5042e-12
9.0707e-12 7.0961e-12 4.5884e-12 4.4913e-12 4.2439e-12 2.8654e-12 3.0746e-12 1.4481e-12 2.7378e-12 1.4016e-12 1.3389e-12 2.1119e-12 2.0525e-12 1.2456e-12 1.2889e-12 8.806e-13 7.1143e-13 1.4292e-12 9.1535e-13 7.267e-13 1.1786e-12 1.1921e-12 1.2289e-12 1.3194e-12
5.3638e-12 5.2542e-12 5.8675e-12 4.7469e-12 3.3694e-12 3.5548e-12 2.487e-12 2.6706e-12 1.317e-12 1.3066e-12 2.0846e-12 2.1787e-12 1.594e-12 1.3634e-12 1.2689e-12 1.3357e-12 8.5093e-13 8.3327e-13 8.389e-13 8.5729e-13 1.1577e-12 1.1502e-12 1.1208e-12 1.2036e-12
1.0096e-11 9.8775e-12 8.2527e-12 3.122e-12 3.9691e-12 2.5038e-12 1.8783e-12 2.5253e-12 1.1712e-12 1.8924e-12 2.6658e-12 1.8675e-12 1.209e-12 1.0833e-12 8.7926e-13 1.3223e-12 1.0678e-12 1.219e-12 9.5525e-13 1.1431e-12 8.9428e-13 1.2038e-12 1.2663e-12 1.1333e-12
2.8557e-11 2.0856e-11 1.6754e-11 4.5153e-12 2.9514e-12 1.5768e-12 2.9785e-12 2.6209e-12 2.6213e-12 2.25e-12 1.1535e-12 1.2907e-12 2.55e-12 2.4699e-12 9.2405e-13 1.1211e-12 1.0294e-12 1.7749e-12 1.9662e-12 9.6507e-13 9.4492e-13 1.1427e-12 1.4579e-12 1.7674e-12
1.3332e-10 1.4923e-10 1.552e-10 3.338e-12 4.2263e-12 1.8992e-12 2.5658e-12 1.1407e-12 1.0938e-12 1.2208e-12 2.7736e-12 2.6507e-12 3.1479e-12 2.5569e-12 2.9038e-11 1.0756e-12 1.2586e-12 3.0187e-12 1.7356e-12 1.0962e-12 9.1768e-13 1.0712e-12 1.8766e-12 1.903e-12
2.548e-11 2.1125e-11 1.6197e-11 4.5683e-12 2.6928e-12 1.7705e-12 3.1114e-12 2.208e-12 2.9735e-12 2.3365e-12 1.1776e-12 1.3491e-12 2.124e-12 2.7178e-12 9.0512e-13 1.0858e-12 1.0041e-12 1.6822e-12 1.5058e-12 9.088e-13 9.3517e-13 1.1484e-12 1.5199e-12 1.5798e-12
8.5358e-12 9.1609e-12 7.9555e-12 3.2295e-12 3.5482e-12 2.6302e-12 2.2648e-12 2.985e-12 1.1541e-12 1.8394e-12 2.4647e-12 1.9518e-12 1.2537e-12 1.1887e-12 7.9539e-13 1.4736e-12 1.0556e-12 1.2745e-12 9.3847e-13 1.1588e-12 9.6282e-13 1.2364e-12 1.2069e-12 1.0967e-12
4.711e-12 4.6324e-12 4.2677e-12 3.7908e-12 2.9231e-12 3.1238e-12 1.6885e-12 1.8549e-12 2.0301e-12 2.0654e-12 1.6858e-12 2.2362e-12 1.2597e-12 1.3155e-12 1.1906e-12 1.4054e-12 8.9118e-13 8.6176e-13 9.0931e-13 9.918e-13 1.2009e-12 1.0558e-12 1.1644e-12 1.1215e-12
9.2674e-12 9.253e-12 5.5095e-12 3.3673e-12 4.4101e-12 2.9643e-12 2.8449e-12 1.5373e-12 2.7145e-12 1.4757e-12 1.3443e-12 2.1795e-12 2.1532e-12 1.1213e-12 1.4264e-12 9.1534e-13 6.7853e-13 1.3236e-12 9.9216e-13 7.1874e-13 1.1336e-12 1.2688e-12 1.3396e-12 1.3916e-12
2.3447e-11 1.3606e-11 8.2341e-12 3.8493e-12 2.6605e-12 3.3758e-12 3.4647e-12 1.3522e-12 1.1388e-12 3.0598e-12 3.1579e-12 2.5224e-12 2.4646e-12 9.2737e-13 7.4393e-13 1.2533e-12 2.0972e-12 1.4869e-12 1.0833e-12 7.9981e-13 7.1336e-13 1.1501e-12 1.6587e-12 1.3225e-12
2.6179e-11 1.9519e-11 1.5978e-11 4.5211e-12 2.8144e-12 1.8364e-12 3.3187e-12 2.711e-12 2.9728e-12 2.3693e-12 1.1557e-12 1.3367e-12 2.6581e-12 2.8042e-12 9.4297e-13 1.1075e-12 9.9775e-13 1.9119e-12 1.6236e-12 1.0396e-12 9.4403e-13 1.2106e-12 1.4893e-12 1.5842e-12
2.7142e-11 1.4187e-11 1.0696e-11 3.8122e-12 3.2102e-12 3.268e-12 3.4998e-12 1.2855e-12 1.14e-12 2.2774e-12 2.5648e-12 2.0243e-12 2.11e-12 9.8896e-13 7.7587e-13 1.3228e-12 1.7647e-12 1.4353e-12 9.668e-13 7.6865e-13 8.1011e-13 1.2565e-12 1.6284e-12 1.3044e-12
1.2623e-11 8.0908e-12 6.0657e-12 3.6576e-12 3.7961e-12 2.9054e-12 3.0261e-12 1.4704e-12 2.9521e-12 1.502e-12 1.2949e-12 2.0138e-12 2.04e-12 1.2014e-12 1.3554e-12 9.2903e-13 6.8254e-13 1.5371e-12 8.796e-13 7.2562e-13 1.204e-12 1.1574e-12 1.3366e-12 1.6297e-12
5.3446e-12 4.9849e-12 4.3047e-12 4.5479e-12 3.0476e-12 3.3897e-12 3.0282e-12 2.4058e-12 1.3519e-12 1.3826e-12 1.7781e-12 2.1563e-12 1.4526e-12 1.31e-12 1.2754e-12 1.4591e-12 7.7826e-13 8.2331e-13 9.2576e-13 9.1695e-13 1.2395e-12 1.2113e-12 1.1102e-12 1.2752e-12
9.4108e-12 5.3919e-12 4.2182e-12 4.0992e-12 3.355e-12 4.6253e-12 3.4857e-12 3.1414e-12 1.2915e-12 1.4906e-12 2.0958e-12 1.6329e-12 2.1739e-12 1.6181e-12 2.2689e-12 1.1243e-12 6.7105e-13 6.8246e-13 8.2625e-13 8.1214e-13 1.2273e-12 1.3202e-12 1.7181e-12 1.6099e-12
1.1397e-11 6.8343e-12 5.4413e-12 3.9579e-12 4.1481e-12 2.8459e-12 2.7586e-12 1.4568e-12 2.796e-12 1.5486e-12 1.2581e-12 2.2879e-12 2.3048e-12 1.2205e-12 1.3136e-12 9.4715e-13 7.4594e-13 1.4341e-12 9.4923e-13 7.1741e-13 1.0684e-12 1.3129e-12 1.2649e-12 1.4309e-12
9.0094e-12 9.2874e-12 7.6594e-12 3.1862e-12 3.6751e-12 2.967e-12 2.0781e-12 2.5152e-12 1.2078e-12 2.1341e-12 2.5365e-12 2.1555e-12 1.2924e-12 1.099e-12 8.5008e-13 1.4226e-12 1.0583e-12 1.2326e-12 1.0513e-12 1.1046e-12 1.045e-12 1.1688e-12 1.1698e-12 1.0399e-12
1.0684e-11 7.1439e-12 6.0146e-12 4.2692e-12 3.6658e-12 2.7321e-12 2.804e-12 1.4755e-12 2.7683e-12 1.3819e-12 1.2282e-12 2.0304e-12 1.9315e-12 1.1419e-12 1.2493e-12 9.4118e-13 6.7322e-13 1.3873e-12 8.8218e-13 7.3314e-13 1.0776e-12 1.2228e-12 1.2527e-12 1.3829e-12
1.036e-11 7.2909e-12 4.9218e-12 4.403e-12 3.9155e-12 4.2134e-12 3.3374e-12 3.1185e-12 1.2978e-12 1.6309e-12 2.3529e-12 1.5111e-12 1.6846e-12 1.3493e-12 2.2901e-12 1.2533e-12 6.3503e-13 7.0376e-13 7.598e-13 8.1986e-13 1.3066e-12 1.1695e-12 1.7455e-12 1.5739e-12
6.1468e-12 6.5868e-12 4.639e-12 4.1649e-12 3.7006e-12 4.6785e-12 3.2058e-12 3.5523e-12 1.4314e-12 1.5436e-12 1.3341e-12 1.4906e-12 1.6407e-12 1.7727e-12 1.3257e-12 1.403e-12 6.8672e-13 6.5741e-13 9.2058e-13 9.1038e-13 1.8411e-12 1.541e-12 1.6432e-12 1.7068e-12
6.7673e-12 7.6995e-12 5.4329e-12 5.1729e-12 3.8408e-12 4.5916e-12 3.4506e-12 3.5453e-12 1.3896e-12 1.4253e-12 1.4205e-12 1.2661e-12 1.6251e-12 1.7926e-12 1.448e-12 1.3374e-12 6.6017e-13 6.521e-13 1.0034e-12 9.0323e-13 1.6922e-12 1.7086e-12 1.5571e-12 1.7354e-12
4.9329e-12 4.6705e-12 4.5974e-12 4.9378e-12 2.6796e-12 3.5882e-12 3.0074e-12 2.5501e-12 1.3592e-12 1.3825e-12 1.9535e-12 2.3553e-12 1.484e-12 1.4066e-12 1.4162e-12 1.5963e-12 8.1467e-13 8.3239e-13 8.6905e-13 8.5489e-13 1.1402e-12 1.1091e-12 1.1625e-12 1.1442e-12
5.6724e-12 5.7358e-12 3.9797e-12 4.4421e-12 4.0832e-12 3.4341e-12 1.8718e-12 1.7869e-12 1.9082e-12 2.2743e-12 2.0109e-12 1.962e-12 1.1892e-12 1.3004e-12 1.2483e-12 1.3606e-12 9.423e-13 8.8646e-13 8.745e-13 8.7534e-13 1.154e-12 1.0581e-12 1.1219e-12 1.0875e-12
5.2476e-12 4.982e-12 4.815e-12 4.8244e-12 3.3953e-12 3.4263e-12 2.5988e-12 2.3806e-12 1.2959e-12 1.4134e-12 2.0633e-12 2.3769e-12 1.3923e-12 1.4999e-12 1.2472e-12 1.4332e-12 8.4244e-13 8.2897e-13 9.2921e-13 9.2371e-13 1.2142e-12 1.2201e-12 1.1612e-12 1.1863e-12
6.1902e-12 6.5011e-12 4.543e-12 5.0899e-12 3.6532e-12 3.5828e-12 3.1779e-12 3.6848e-12 1.2988e-12 1.5408e-12 1.2786e-12 1.309e-12 1.6256e-12 1.7121e-12 1.39e-12 1.4056e-12 6.5207e-13 6.6163e-13 9.7276e-13 9.0712e-13 1.5528e-12 1.5804e-12 1.8033e-12 1.5863e-12
5.5038e-12 6.194e-12 6.6205e-12 7.122e-12 3.8692e-12 3.6943e-12 4.4492e-12 4.7866e-12 2.791e-12 3.6429e-12 8.8377e-13 1.0495e-12 1.3954e-12 1.8898e-12 1.68e-12 2.0039e-12 7.2039e-13 7.7764e-13 8.904e-13 7.348e-13 2.1514e-12 1.8534e-12 1.75e-12 1.9236e-12
9.7794e-12 6.7044e-12 4.8506e-12 3.9029e-12 3.9718e-12 4.8147e-12 3.0195e-12 3.1199e-12 9.3475e-13 1.3186e-12 2.2684e-12 1.5015e-12 1.6625e-12 1.3015e-12 2.1937e-12 1.247e-12 7.6091e-13 6.4625e-13 6.6186e-13 7.8732e-13 1.334e-12 1.2744e-12 1.7659e-12 1.6007e-12
9.7892e-12 8.377e-12 6.5616e-12 3.5839e-12 3.3698e-12 2.8428e-12 2.7466e-12 1.3579e-12 2.413e-12 1.6306e-12 1.4044e-12 2.2526e-12 2.0254e-12 1.1733e-12 1.3608e-12 9.1107e-13 8.0713e-13 1.3835e-12 8.0509e-13 7.2461e-13 1.0357e-12 1.1861e-12 1.3149e-12 1.4606e-12
9.9488e-12 9.6135e-12 7.3027e-12 3.9988e-12 3.3837e-12 2.6598e-12 1.6807e-12 2.3798e-12 1.2142e-12 1.924e-12 2.1981e-12 1.9338e-12 1.2072e-12 1.2483e-12 8.8806e-13 1.3557e-12 1.3645e-12 1.101e-12 1.0045e-12 7.5901e-13 1.0067e-12 1.1478e-12 1.1763e-12 1.0262e-12
9.9679e-12 9.6263e-12 6.198e-12 3.7448e-12 3.5777e-12 2.9165e-12 2.8227e-12 1.2645e-12 2.5084e-12 1.514e-12 1.4787e-12 2.1215e-12 1.9815e-12 1.1875e-12 1.3196e-12 1.009e-12 7.7726e-13 1.3491e-12 8.8879e-13 7.7859e-13 1.092e-12 1.2268e-12 1.3056e-12 1.499e-12
8.4726e-12 6.3481e-12 3.9451e-12 3.6073e-12 3.3775e-12 4.1026e-12 2.9867e-12 2.9452e-12 1.1454e-12 1.194e-12 2.4271e-12 1.7262e-12 1.9399e-12 1.3838e-12 2.0831e-12 1.1847e-12 7.3079e-13 6.2773e-13 7.5208e-13 8.6697e-13 1.353e-12 1.285e-12 1.8088e-12 1.6709e-12
6.0258e-12 6.2702e-12 4.6224e-12 4.5631e-12 4.3439e-12 3.9604e-12 3.7277e-12 3.3079e-12 1.3104e-12 1.4083e-12 1.3954e-12 1.4633e-12 1.8781e-12 1.7128e-12 1.4717e-12 1.3593e-12 7.4846e-13 6.6537e-13 7.7906e-13 7.6534e-13 1.5007e-12 1.5598e-12 1.5807e-12 1.8006e-12
1.0077e-11 9.8807e-12 6.1354e-12 3.3746e-12 4.2125e-12 2.7026e-12 2.9093e-12 1.3477e-12 2.4898e-12 1.5691e-12 1.3415e-12 1.7715e-12 1.712e-12 1.1177e-12 1.2675e-12 1.003e-12 8.1933e-13 1.3277e-12 7.5825e-13 7.8616e-13 1.0662e-12 1.2659e-12 1.305e-12 1.4236e-12
2.1817e-11 1.4724e-11 8.558e-12 4.5081e-12 3.096e-12 3.056e-12 3.0932e-12 1.6358e-12 1.1611e-12 2.4287e-12 2.9349e-12 2.8218e-12 2.4248e-12 1.0294e-12 7.4159e-13 1.3003e-12 1.7616e-12 1.4197e-12 8.7826e-13 8.154e-13 7.6506e-13 1.199e-12 1.5868e-12 1.4016e-12
3.2651e-11 1.8554e-11 1.0756e-11 5.1174e-12 3.9382e-12 2.9333e-12 1.6202e-12 2.3285e-12 3.0662e-12 2.2104e-12 1.36e-12 1.1503e-12 2.4002e-12 2.436e-12 8.8125e-13 1.2413e-12 1.9384e-12 7.9216e-13 1.955e-12 8.7645e-13 9.0515e-13 1.3185e-12 1.4018e-12 1.489e-12
1.9499e-11 1.7754e-11 1.1109e-11 5.3023e-12 2.6573e-12 2.7017e-12 3.0169e-12 1.6427e-12 1.0328e-12 2.4635e-12 2.9461e-12 2.0119e-12 2.2406e-12 1.0191e-12 7.4971e-13 1.2698e-12 1.7756e-12 1.4302e-12 9.1536e-13 7.8711e-13 8.1691e-13 1.2692e-12 1.9134e-12 1.3942e-12
9.5776e-12 9.3173e-12 6.6083e-12 3.7085e-12 4.1806e-12 2.8858e-12 3.1107e-12 1.2583e-12 2.8356e-12 1.3985e-12 1.5478e-12 2.2027e-12 1.7916e-12 1.1628e-12 1.5416e-12 9.8847e-13 8.291e-13 1.2973e-12 9.6155e-13 8.2616e-13 9.8772e-13 1.1703e-12 1.3214e-12 1.3156e-12
5.9905e-12 5.9422e-12 4.7618e-12 4.6298e-12 3.1731e-12 3.5333e-12 2.451e-12 2.7959e-12 1.4345e-12 1.3461e-12 1.8683e-12 1.9792e-12 1.4567e-12 1.2939e-12 1.3171e-12 1.4095e-12 9.6088e-13 9.7093e-13 8.3022e-13 9.8294e-13 1.0741e-12 1.1552e-12 1.0852e-12 1.209e-12
9.7621e-12 8.8599e-12 8.7652e-12 3.8333e-12 2.8128e-12 2.7229e-12 1.7598e-12 2.9626e-12 1.3236e-12 1.9259e-12 2.6341e-12 2.2595e-12 1.0481e-12 1.3116e-12 8.9411e-13 1.4376e-12 1.3479e-12 1.0419e-12 1.1174e-12 8.0089e-13 9.9402e-13 1.1476e-12 1.0538e-12 1.0465e-12
3.3108e-11 1.7452e-11 1.1029e-11 5.8801e-12 3.3973e-12 2.9071e-12 1.828e-12 2.615e-12 2.7168e-12 2.5787e-12 1.4004e-12 1.1711e-12 2.3206e-12 2.3847e-12 8.5946e-13 1.2866e-12 1.713e-12 8.4306e-13 1.6753e-12 8.7013e-13 8.8714e-13 1.3069e-12 1.3714e-12 1.5172e-12
3.0345e-11 2.9271e-11 3.2891e-11 5.4402e-12 5.5964e-12 1.9604e-12 1.9446e-12 2.7113e-12 1.1439e-12 1.2782e-12 2.763e-12 2.6639e-12 2.6213e-12 2.7355e-12 5.9045e-13 1.194e-12 1.2803e-12 4.399e-12 1.7388e-12 9.5299e-13 8.7381e-13 1.249e-12 1.9237e-12 1.7344e-12
3.7598e-11 1.5652e-11 1.039e-11 6.9501e-12 4.0496e-12 2.8737e-12 1.7978e-12 2.5817e-12 2.7254e-12 2.7409e-12 1.25e-12 1.1451e-12 2.6313e-12 2.4776e-12 8.9496e-13 1.1708e-12 1.7571e-12 7.9183e-13 1.8044e-12 8.6655e-13 9.8294e-13 1.2124e-12 1.5467e-12 1.5961e-12
9.7816e-12 9.5757e-12 6.8657e-12 3.5202e-12 2.9985e-12 2.3694e-12 1.7849e-12 2.5661e-12 1.3364e-12 2.0132e-12 2.5125e-12 1.932e-12 1.125e-12 1.274e-12 9.5282e-13 1.4991e-12 1.2802e-12 1.0381e-12 9.6176e-13 7.8356e-13 1.0079e-12 1.1234e-12 1.2595e-12 1.0965e-12
6.3933e-12 5.4983e-12 3.5693e-12 4.8863e-12 3.228e-12 3.7394e-12 2.1382e-12 1.7481e-12 2.0327e-12 1.9753e-12 1.7475e-12 2.3509e-12 1.1919e-12 1.2856e-12 1.1063e-12 1.2698e-12 1.0181e-12 9.1735e-13 9.2782e-13 9.5421e-13 1.1516e-12 1.1615e-12 1.2095e-12 1.2277e-12
9.5922e-12 8.4865e-12 6.4051e-12 3.4004e-12 3.9742e-12 2.6603e-12 3.2311e-12 1.2902e-12 2.4525e-12 1.5114e-12 1.6193e-12 2.0335e-12 1.9379e-12 1.2055e-12 1.2848e-12 9.5627e-13 7.7296e-13 1.2604e-12 8.8976e-13 7.7325e-13 1.0275e-12 1.2015e-12 1.3318e-12 1.4794e-12
2.0171e-11 1.7782e-11 9.2124e-12 4.9875e-12 2.8928e-12 2.6988e-12 3.536e-12 1.7542e-12 1.1375e-12 2.8276e-12 2.5989e-12 2.4712e-12 2.6738e-12 1.0833e-12 7.489e-13 1.2434e-12 1.7824e-12 1.539e-12 9.2447e-13 8.007e-13 8.2785e-13 1.2498e-12 1.5458e-12 1.2784e-12
3.404e-11 1.8506e-11 1.032e-11 6.4833e-12 4.3318e-12 3.9458e-12 1.6773e-12 2.3489e-12 2.5953e-12 2.6426e-12 1.4446e-12 1.1164e-12 2.6109e-12 3.2612e-12 9.2504e-13 1.2122e-12 1.8656e-12 8.8802e-13 1.5449e-12 9.1181e-13 9.3518e-13 1.2618e-12 1.5281e-12 1.5594e-12
2.142e-11 1.6819e-11 1.1344e-11 4.6299e-12 2.8572e-12 3.3518e-12 3.0298e-12 1.5452e-12 1.131e-12 2.3533e-12 2.4291e-12 2.0599e-12 2.1753e-12 1.0949e-12 7.7326e-13 1.3579e-12 1.826e-12 1.3802e-12 8.3987e-13 7.873e-13 7.6816e-13 1.2163e-12 1.3679e-12 1.3266e-12
8.6255e-12 9.4113e-12 6.3342e-12 3.89e-12 3.9174e-12 2.722e-12 2.9884e-12 1.2747e-12 2.6909e-12 1.6607e-12 1.354e-12 1.8498e-12 1.9414e-12 1.1898e-12 1.3299e-12 9.6852e-13 7.9626e-13 1.2627e-12 7.7878e-13 7.367e-13 1.1279e-12 1.2043e-12 1.5335e-12 1.2684e-12
4.6056e-12 5.3706e-12 5.0108e-12 4.5355e-12 3.1771e-12 3.2512e-12 2.7803e-12 2.502e-12 1.4539e-12 1.477e-12 1.632e-12 2.477e-12 1.3949e-12 1.5895e-12 1.2803e-12 1.3283e-12 9.3767e-13 1.0041e-12 9.5996e-13 8.2556e-13 1.206e-12 1.2018e-12 1.0584e-12 1.2043e-12
7.5403e-12 6.2225e-12 4.6192e-12 3.7017e-12 4.0441e-12 3.8145e-12 3.1158e-12 3.0121e-12 1.0564e-12 1.1843e-12 1.9369e-12 1.8794e-12 1.9142e-12 1.6736e-12 2.1395e-12 1.1138e-12 7.582e-13 6.2479e-13 7.082e-13 8.6784e-13 1.4571e-12 1.1892e-12 1.8929e-12 1.6287e-12
8.7787e-12 8.382e-12 6.9699e-12 3.5275e-12 3.7498e-12 3.1935e-12 2.8053e-12 1.2538e-12 2.9678e-12 1.5146e-12 1.3437e-12 1.9386e-12 2.1243e-12 1.1699e-12 1.2021e-12 1.0391e-12 8.1079e-13 1.3367e-12 8.7103e-13 8.1637e-13 9.9512e-13 1.1691e-12 1.2855e-12 1.5126e-12
8.997e-12 8.5064e-12 7.016e-12 3.7779e-12 3.0423e-12 2.5956e-12 1.6684e-12 2.7487e-12 1.2457e-12 2.1507e-12 2.7681e-12 2.2228e-12 1.1262e-12 1.4602e-12 9.0152e-13 1.5877e-12 1.1943e-12 1.1874e-12 9.505e-13 8.113e-13 9.886e-13 1.2823e-12 1.1306e-12 9.93e-13
9.4861e-12 1.046e-11 7.1334e-12 3.6266e-12 3.7553e-12 2.5789e-12 2.5625e-12 1.3206e-12 2.5161e-12 1.5069e-12 1.4104e-12 1.8361e-12 1.9322e-12 1.1289e-12 1.2296e-12 1.004e-12 7.7276e-13 1.4796e-12 8.0478e-13 7.4127e-13 9.9667e-13 1.1825e-12 1.3216e-12 1.3841e-12
9.0165e-12 6.9753e-12 3.9715e-12 4.6739e-12 3.531e-12 3.8409e-12 3.2707e-12 3.4374e-12 9.8108e-13 1.2689e-12 2.5607e-12 1.6171e-12 1.6548e-12 1.5499e-12 2.312e-12 1.4234e-12 7.6112e-13 6.4228e-13 6.8702e-13 8.9764e-13 1.297e-12 1.251e-12 1.7923e-12 1.4802e-12
6.4667e-12 6.6125e-12 4.3837e-12 5.5312e-12 3.7458e-12 3.9338e-12 3.0457e-12 3.0257e-12 1.336e-12 1.4818e-12 1.2847e-12 1.5302e-12 1.6761e-12 1.7348e-12 1.3926e-12 1.4569e-12 6.9242e-13 6.7861e-13 7.4208e-13 7.7936e-13 1.5818e-12 1.5889e-12 1.6674e-12 1.6131e-12
6.7699e-12 6.6183e-12 4.6858e-12 4.3884e-12 4.2467e-12 4.2142e-12 3.6906e-12 3.5907e-12 1.4349e-12 1.4782e-12 1.3599e-12 1.3926e-12 1.6868e-12 1.8577e-12 1.2976e-12 1.3743e-12 6.7853e-13 6.8398e-13 7.722e-13 7.5626e-13 1.5598e-12 1.489e-12 1.5359e-12 1.5405e-12
5.0414e-12 6.0521e-12 4.9613e-12 5.9357e-12 3.254e-12 3.4965e-12 2.9213e-12 3.0277e-12 1.3722e-12 1.5664e-12 1.9973e-12 1.9277e-12 1.2942e-12 1.4961e-12 1.3995e-12 1.4432e-12 9.711e-13 1.0428e-12 9.2943e-13 9.0154e-13 1.1665e-12 1.1371e-12 1.2355e-12 1.2826e-12
4.976e-12 5.7943e-12 3.9969e-12 3.8491e-12 3.4705e-12 3.9666e-12 1.7257e-12 1.9053e-12 2.0372e-12 1.9329e-12 1.891e-12 2.0435e-12 1.3257e-12 1.3153e-12 1.1052e-12 1.194e-12 9.0862e-13 9.7652e-13 9.0245e-13 9.4485e-13 1.1941e-12 1.0104e-12 1.1176e-12 1.1459e-12
6.0531e-12 4.8466e-12 4.5555e-12 4.9677e-12 3.8075e-12 3.1333e-12 2.8183e-12 2.3406e-12 1.4044e-12 1.4194e-12 2.0688e-12 2.2127e-12 1.4324e-12 1.557e-12 1.2422e-12 1.6005e-12 9.3287e-13 8.9757e-13 9.3018e-13 9.249e-13 1.1921e-12 1.1809e-12 1.1913e-12 1.2858e-12
6.1401e-12 6.5071e-12 5.2095e-12 5.2244e-12 3.6786e-12 4.2573e-12 3.1126e-12 3.9663e-12 1.214e-12 1.4409e-12 1.2752e-12 1.3792e-12 1.5723e-12 1.6003e-12 1.3272e-12 1.5608e-12 6.8476e-13 7.1838e-13 7.6249e-13 7.4039e-13 1.494e-12 1.4904e-12 1.5331e-12 1.5829e-12
5.216e-12 5.8382e-12 6.3914e-12 6.381e-12 4.3685e-12 4.0493e-12 3.6494e-12 3.9899e-12 3.3196e-12 3.4341e-12 9.059e-13 9.7056e-13 1.4063e-12 1.6663e-12 1.7252e-12 1.9165e-12 6.181e-13 6.4341e-13 7.4441e-13 5.962e-13 1.9979e-12 1.9351e-12 1.7821e-12 2.002e-12
9.1689e-12 6.8205e-12 4.9373e-12 4.4879e-12 3.976e-12 3.8646e-12 2.815e-12 3.2053e-12 9.8163e-13 1.5297e-12 2.189e-12 1.5927e-12 1.7159e-12 1.4388e-12 2.4051e-12 1.1669e-12 8.6972e-13 8.408e-13 6.0949e-13 5.9057e-13 1.2907e-12 1.3003e-12 1.8888e-12 1.3943e-12
7.7859e-12 8.1093e-12 7.5144e-12 3.7533e-12 3.2208e-12 2.8867e-12 3.0381e-12 2.174e-12 1.4514e-12 1.8056e-12 1.5947e-12 1.991e-12 1.9704e-12 1.1344e-12 1.2801e-12 1.0632e-12 9.8375e-13 1.4039e-12 7.4072e-13 7.9857e-13 9.6921e-13 1.1653e-12 1.3908e-12 1.3488e-12
1.1807e-11 9.1113e-12 7.1999e-12 3.4879e-12 1.7416e-12 2.9257e-12 3.0037e-12 2.9025e-12 1.7097e-12 1.2683e-12 2.7323e-12 2.24e-12 1.0962e-12 1.2389e-12 1.0533e-12 1.3921e-12 1.2823e-12 1.0257e-12 9.303e-13 6.9446e-13 1.0107e-12 1.208e-12 1.2071e-12 1.0685e-12
8.08e-12 8.6842e-12 7.4197e-12 3.9783e-12 3.5172e-12 2.6188e-12 2.9717e-12 2.4058e-12 1.418e-12 1.4879e-12 1.5571e-12 2.1482e-12 1.9912e-12 1.0583e-12 1.413e-12 1.1139e-12 9.3606e-13 1.2756e-12 7.6939e-13 8.4124e-13 9.4091e-13 1.2043e-12 1.2897e-12 1.3591e-12
9.7955e-12 7.162e-12 4.2456e-12 3.8574e-12 3.4085e-12 4.4868e-12 3.0251e-12 3.6178e-12 1.1105e-12 1.602e-12 2.4797e-12 1.7621e-12 1.8669e-12 1.5384e-12 2.3675e-12 1.2371e-12 8.1862e-13 9.3545e-13 5.4767e-13 6.5673e-13 1.3814e-12 1.2889e-12 1.7942e-12 1.6009e-12
6.6108e-12 5.9288e-12 5.4681e-12 4.7852e-12 4.1054e-12 4.1428e-12 3.3637e-12 3.8396e-12 1.4077e-12 1.379e-12 1.3912e-12 1.5206e-12 1.5718e-12 1.7715e-12 1.4313e-12 1.4037e-12 7.204e-13 6.6571e-13 6.3263e-13 6.2856e-13 1.559e-12 1.5771e-12 1.4982e-12 1.6668e-12
9.7424e-12 8.1681e-12 6.9991e-12 3.3843e-12 4.2766e-12 2.9154e-12 2.9961e-12 2.4298e-12 1.4556e-12 1.7952e-12 1.4025e-12 2.2022e-12 1.9359e-12 1.1278e-12 1.2686e-12 1.0874e-12 1.0213e-12 1.2088e-12 7.1893e-13 8.8841e-13 9.7018e-13 1.2579e-12 1.1967e-12 1.4653e-12
1.2929e-11 1.6429e-11 9.902e-12 7.4396e-12 1.9779e-12 2.6661e-12 2.9187e-12 1.8296e-12 2.3138e-12 2.457e-12 1.2589e-12 2.3894e-12 2.6874e-12 1.1334e-12 7.6559e-13 1.3448e-12 1.7702e-12 1.4679e-12 7.1328e-13 7.698e-13 7.4859e-13 1.2825e-12 1.4747e-12 1.3566e-12
2.6201e-11 1.1815e-11 1.3345e-11 4.7047e-12 4.8721e-12 2.1642e-12 3.0852e-12 2.2261e-12 2.9568e-12 2.1984e-12 1.2059e-12 1.406e-12 2.7548e-12 2.47e-12 9.598e-13 1.1986e-12 2.236e-12 6.3866e-13 1.7781e-12 8.1907e-13 9.3131e-13 1.3463e-12 1.5052e-12 1.5493e-12
1.649e-11 1.7597e-11 1.1133e-11 8.6635e-12 1.696e-12 2.613e-12 3.2239e-12 1.816e-12 2.6865e-12 2.9065e-12 1.2458e-12 2.1702e-12 2.4355e-12 1.0869e-12 7.3546e-13 1.3562e-12 1.7542e-12 1.4568e-12 7.1139e-13 8.4309e-13 7.7696e-13 1.2168e-12 1.6016e-12 1.4009e-12
8.7634e-12 8.8206e-12 7.6953e-12 3.6532e-12 3.9633e-12 3.0797e-12 3.2436e-12 2.4084e-12 1.3155e-12 1.4749e-12 1.635e-12 1.9494e-12 1.8209e-12 1.1726e-12 1.4212e-12 1.0756e-12 9.4374e-13 1.3547e-12 7.7736e-13 8.641e-13 1.0274e-12 1.1874e-12 1.2814e-12 1.3312e-12
5.0711e-12 5.1233e-12 4.6067e-12 5.0715e-12 3.7856e-12 3.3805e-12 2.4667e-12 2.6462e-12 1.4392e-12 1.6704e-12 1.7155e-12 1.7794e-12 1.3512e-12 1.2727e-12 1.2668e-12 1.2815e-12 1.0979e-12 1.0431e-12 8.4235e-13 8.5328e-13 1.129e-12 1.1508e-12 1.0486e-12 1.2253e-12
1.2743e-11 9.234e-12 8.4651e-12 3.7532e-12 1.7862e-12 2.7416e-12 2.6679e-12 2.6423e-12 2.319e-12 1.425e-12 2.0817e-12 2.1977e-12 1.0588e-12 1.3603e-12 1.053e-12 1.5357e-12 1.2163e-12 9.1106e-13 9.203e-13 7.0143e-13 9.8941e-13 1.1552e-12 1.0473e-12 1.1234e-12
2.3848e-11 1.0297e-11 1.3133e-11 4.6614e-12 4.547e-12 2.7055e-12 3.208e-12 2.5623e-12 2.6044e-12 2.3938e-12 1.1668e-12 1.4185e-12 2.5964e-12 2.8614e-12 8.8421e-13 1.3952e-12 2.0161e-12 6.655e-13 1.6257e-12 7.8027e-13 8.5494e-13 1.3727e-12 1.3071e-12 1.5173e-12
1.8296e-11 1.9076e-11 2.0405e-11 7.6559e-12 7.3772e-12 3.0745e-12 1.8595e-12 2.6823e-12 1.2961e-12 1.3942e-12 3.2485e-12 2.7648e-12 2.502e-12 2.645e-12 1.2952e-12 1.3948e-12 4.7747e-13 2.961e-12 1.9962e-12 8.2181e-13 8.0207e-13 1.4561e-12 1.669e-12 1.7932e-12
2.7892e-11 1.1759e-11 1.1906e-11 5.7564e-12 4.324e-12 2.4225e-12 3.0013e-12 2.3227e-12 2.6818e-12 2.2306e-12 1.2167e-12 1.4164e-12 2.4116e-12 2.1119e-12 8.6192e-13 1.2594e-12 1.9827e-12 6.7587e-13 1.6743e-12 7.9038e-13 8.6655e-13 1.379e-12 1.622e-12 1.4925e-12
1.2664e-11 9.4398e-12 7.0589e-12 3.8955e-12 1.8006e-12 3.1595e-12 2.8462e-12 2.7925e-12 2.0353e-12 1.4431e-12 2.4443e-12 1.8371e-12 1.0507e-12 1.3584e-12 1.0665e-12 1.6069e-12 1.3042e-12 9.6299e-13 8.9312e-13 7.0621e-13 1.0143e-12 1.2664e-12 1.0884e-12 1.1696e-12
6.634e-12 6.0494e-12 3.684e-12 3.4458e-12 3.276e-12 3.5839e-12 2.196e-12 2.1303e-12 2.1268e-12 1.9901e-12 1.7246e-12 2.1296e-12 1.3788e-12 1.2662e-12 9.0877e-13 1.1726e-12 1.0583e-12 9.8099e-13 9.3782e-13 8.8747e-13 1.2419e-12 1.2174e-12 1.1691e-12 1.0988e-12
8.9001e-12 8.5627e-12 7.1663e-12 4.0221e-12 3.6106e-12 2.6335e-12 3.2401e-12 2.3232e-12 1.5037e-12 1.6392e-12 1.6776e-12 2.0635e-12 1.8345e-12 1.3051e-12 1.4804e-12 1.1453e-12 1.0519e-12 1.2535e-12 7.8302e-13 9.1068e-13 9.0993e-13 1.1693e-12 1.3184e-12 1.3859e-12
1.5595e-11 1.4466e-11 9.1621e-12 6.4614e-12 2.2022e-12 2.464e-12 3.3989e-12 1.9078e-12 2.8033e-12 2.8748e-12 1.2297e-12 2.7243e-12 2.1986e-12 1.0796e-12 7.7488e-13 1.3727e-12 1.782e-12 1.5663e-12 7.1514e-13 8.0749e-13 7.9256e-13 1.2714e-12 1.5807e-12 1.382e-12
2.4939e-11 1.3569e-11 1.1518e-11 4.247e-12 4.3139e-12 2.4926e-12 3.3338e-12 2.5479e-12 3.2486e-12 2.3236e-12 1.0846e-12 1.3693e-12 2.7341e-12 2.3458e-12 8.7557e-13 1.3416e-12 1.8465e-12 6.7383e-13 1.6445e-12 7.816e-13 8.6978e-13 1.2846e-12 1.4988e-12 1.55e-12
1.8904e-11 1.5871e-11 8.1833e-12 6.2209e-12 1.7811e-12 3.8668e-12 3.2293e-12 1.5736e-12 2.7687e-12 2.5435e-12 1.338e-12 2.1142e-12 2.4837e-12 1.1125e-12 7.6321e-13 1.3401e-12 1.606e-12 1.2687e-12 7.1361e-13 7.2806e-13 7.7005e-13 1.3408e-12 1.6441e-12 1.365e-12
7.4185e-12 9.5247e-12 7.302e-12 3.8052e-12 3.5668e-12 2.8561e-12 2.9731e-12 2.6759e-12 1.5076e-12 1.9079e-12 1.4198e-12 2.0836e-12 1.9195e-12 1.1259e-12 1.2982e-12 1.0706e-12 1.0316e-12 1.3876e-12 7.1e-13 7.914e-13 1.0764e-12 1.1993e-12 1.3235e-12 1.5559e-12
5.1808e-12 5.0552e-12 4.1517e-12 4.6067e-12 3.4244e-12 3.8451e-12 2.7416e-12 2.5713e-12 1.4281e-12 1.7085e-12 1.5264e-12 2.1157e-12 1.5225e-12 1.3434e-12 1.5131e-12 1.3767e-12 1.0283e-12 1.0407e-12 9.5462e-13 8.6115e-13 1.1601e-12 1.1839e-12 1.1174e-12 1.1244e-12
8.2499e-12 7.3164e-12 4.9111e-12 4.3649e-12 3.6784e-12 3.8639e-12 2.9577e-12 3.0699e-12 1.0916e-12 1.6933e-12 1.8674e-12 1.7999e-12 1.943e-12 1.8663e-12 2.2403e-12 1.1463e-12 8.4145e-13 9.5655e-13 5.9336e-13 6.731e-13 1.2109e-12 1.1824e-12 1.6976e-12 1.6507e-12
9.5687e-12 7.9449e-12 6.4125e-12 3.7194e-12 3.8227e-12 3.0537e-12 3.0496e-12 2.5691e-12 1.3766e-12 1.6492e-12 1.5437e-12 2.0262e-12 2.0282e-12 1.0881e-12 1.2663e-12 1.1235e-12 1.0151e-12 1.3638e-12 7.9157e-13 8.8008e-13 9.1564e-13 1.1455e-12 1.2467e-12 1.4216e-12
1.1837e-11 1.1197e-11 6.758e-12 3.9349e-12 2.0034e-12 2.9372e-12 3.0151e-12 3.1043e-12 2.1013e-12 1.3909e-12 2.3649e-12 2.0371e-12 1.0822e-12 1.2909e-12 1.0484e-12 1.4615e-12 1.2609e-12 9.5476e-13 9.2935e-13 7.0276e-13 1.0219e-12 1.2392e-12 1.0862e-12 1.1306e-12
8.4291e-12 8.9662e-12 7.1292e-12 4.1738e-12 3.535e-12 2.8111e-12 2.8305e-12 2.391e-12 1.4539e-12 1.8272e-12 1.4462e-12 2.3426e-12 1.8974e-12 1.1874e-12 1.1963e-12 1.1425e-12 9.6382e-13 1.378e-12 7.1811e-13 8.6044e-13 9.7179e-13 1.1029e-12 1.3529e-12 1.5894e-12
1.015e-11 7.4458e-12 4.2217e-12 3.7594e-12 3.4744e-12 3.9627e-12 3.2969e-12 2.6205e-12 9.8456e-13 1.6702e-12 2.4338e-12 1.5711e-12 1.7553e-12 1.4219e-12 2.4928e-12 1.1711e-12 8.7219e-13 9.2145e-13 6.0987e-13 6.2153e-13 1.5547e-12 1.1479e-12 1.7909e-12 1.6504e-12
6.092e-12 6.9106e-12 4.9904e-12 4.6917e-12 3.804e-12 4.2987e-12 3.7182e-12 3.1438e-12 1.3326e-12 1.3308e-12 1.3575e-12 1.6379e-12 1.527e-12 1.6147e-12 1.4564e-12 1.3861e-12 6.978e-13 6.8017e-13 6.193e-13 5.9751e-13 1.6742e-12 1.7413e-12 1.4896e-12 1.6565e-12
6.6807e-12 5.7277e-12 4.9407e-12 5.9746e-12 4.2255e-12 4.2822e-12 3.3266e-12 3.2615e-12 1.3953e-12 1.2671e-12 1.6542e-12 1.5761e-12 1.4435e-12 1.7108e-12 1.363e-12 1.3972e-12 6.7071e-13 6.6607e-13 6.5726e-13 6.4078e-13 1.4887e-12 1.7636e-12 1.6668e-12 1.8493e-12
5.9965e-12 5.6167e-12 4.7727e-12 4.7112e-12 3.3084e-12 3.1868e-12 2.7614e-12 3.1778e-12 1.5631e-12 1.5488e-12 1.8516e-12 1.7702e-12 1.4169e-12 1.4159e-12 1.3959e-12 1.3696e-12 1.0907e-12 1.0441e-12 9.6093e-13 8.6525e-13 1.0855e-12 1.1774e-12 1.2144e-12 1.2098e-12
6.0711e-12 5.9362e-12 3.9227e-12 4.4242e-12 3.3999e-12 3.0665e-12 2.1662e-12 2.0943e-12 2.1663e-12 2.1961e-12 1.9042e-12 1.7376e-12 1.2595e-12 1.1656e-12 1.059e-12 1.1083e-12 9.4971e-13 1.0442e-12 9.3638e-13 8.7541e-13 1.167e-12 1.1264e-12 1.1244e-12 1.1523e-12
5.1537e-12 5.2653e-12 4.2668e-12 5.1109e-12 3.7275e-12 3.5755e-12 2.7043e-12 2.5552e-12 1.5249e-12 1.5148e-12 1.8099e-12 2.0608e-12 1.4483e-12 1.3647e-12 1.3153e-12 1.3951e-12 1.0373e-12 1.0631e-12 9.5275e-13 9.628e-13 1.2085e-12 1.1385e-12 1.2426e-12 1.2486e-12
6.0344e-12 5.5119e-12 5.0072e-12 4.9033e-12 4.3611e-12 3.9206e-12 3.0165e-12 3.7582e-12 1.2687e-12 1.447e-12 1.3586e-12 1.528e-12 1.4337e-12 1.5599e-12 1.5949e-12 1.5086e-12 6.9803e-13 6.8472e-13 6.6071e-13 6.1854e-13 1.6656e-12 1.5193e-12 1.6503e-12 1.6526e-12
6.3798e-12 6.0074e-12 6.2134e-12 5.4507e-12 3.9533e-12 4.2552e-12 3.4911e-12 4.3655e-12 2.5214e-12 3.1742e-12 9.4243e-13 1.0578e-12 1.3832e-12 1.5074e-12 1.6132e-12 1.6261e-12 5.3655e-13 5.2634e-13 6.3105e-13 5.1272e-13 1.8324e-12 2.1023e-12 1.7568e-12 1.9274e-12
1.0001e-11 6.5705e-12 4.0824e-12 4.2299e-12 3.4803e-12 4.3977e-12 2.9699e-12 3.0303e-12 9.6973e-13 1.8583e-12 2.1024e-12 1.5029e-12 1.677e-12 1.4118e-12 2.3886e-12 1.3036e-12 9.0136e-13 9.0992e-13 5.8997e-13 5.6768e-13 1.2361e-12 1.3055e-12 1.7562e-12 1.6065e-12
8.9915e-12 9.1554e-12 7.7004e-12 3.836e-12 3.4958e-12 2.6864e-12 2.8804e-12 2.314e-12 1.6404e-12 2.0465e-12 1.548e-12 1.8298e-12 2.0138e-12 1.0839e-12 1.1691e-12 1.0264e-12 1.163e-12 1.4031e-12 7.0028e-13 9.0125e-13 9.6683e-13 1.0915e-12 1.2133e-12 1.2419e-12
1.3559e-11 1.1341e-11 5.8484e-12 3.9188e-12 2.5214e-12 3.1331e-12 2.9831e-12 3.0419e-12 2.0881e-12 1.424e-12 2.2242e-12 2.0029e-12 1.0592e-12 1.2115e-12 1.179e-12 1.464e-12 1.3906e-12 9.9479e-13 8.9876e-13 6.9074e-13 9.8062e-13 1.1929e-12 1.1293e-12 1.1595e-12
8.5004e-12 8.0081e-12 7.6085e-12 4.8242e-12 3.4903e-12 2.6977e-12 2.95e-12 2.3294e-12 1.3518e-12 1.6216e-12 1.5493e-12 2.1506e-12 1.837e-12 1.0196e-12 1.2714e-12 1.0099e-12 1.1787e-12 1.2294e-12 7.7788e-13 8.5126e-13 9.5611e-13 1.2198e-12 1.3578e-12 1.3418e-12
1.284e-11 6.5952e-12 4.3375e-12 4.2901e-12 3.5874e-12 4.4712e-12 3.1214e-12 2.9488e-12 1.0312e-12 1.7682e-12 2.0889e-12 1.6035e-12 1.6709e-12 1.4076e-12 2.4906e-12 1.2704e-12 9.2158e-13 9.5826e-13 5.8796e-13 5.8342e-13 1.1688e-12 1.2037e-12 2.071e-12 1.5622e-12
6.4901e-12 5.3117e-12 5.4648e-12 4.8938e-12 3.8872e-12 4.0324e-12 3.4868e-12 3.4458e-12 1.3681e-12 1.3582e-12 1.3946e-12 1.7074e-12 1.6623e-12 1.5102e-12 1.4736e-12 1.4555e-12 6.9492e-13 6.6925e-13 6.313e-13 5.7167e-13 1.6221e-12 1.5821e-12 1.5689e-12 1.6837e-12
7.5156e-12 7.5394e-12 7.095e-12 3.988e-12 4.0254e-12 2.7967e-12 3.1931e-12 2.4232e-12 1.4072e-12 2.3051e-12 1.4465e-12 1.8936e-12 1.7532e-12 1.1443e-12 1.2789e-12 1.0928e-12 1.2115e-12 1.2967e-12 7.2085e-13 9.1127e-13 9.7427e-13 1.2135e-12 1.31e-12 1.4598e-12
1.8916e-11 1.444e-11 1.4648e-11 8.8824e-12 2.4716e-12 3.3594e-12 2.3143e-12 1.5904e-12 2.2799e-12 2.5228e-12 1.4026e-12 2.2631e-12 2.0744e-12 1.168e-12 7.9746e-13 1.2861e-12 1.8464e-12 1.3786e-12 7.1121e-13 7.6622e-13 7.9398e-13 1.5052e-12 1.5748e-12 1.377e-12
2.0501e-11 2.486e-11 9.662e-12 5.7755e-12 3.304e-12 2.242e-12 3.2467e-12 2.3698e-12 3.6259e-12 2.1082e-12 1.3243e-12 1.3934e-12 2.5313e-12 2.609e-12 9.0934e-13 1.4512e-12 2.0234e-12 6.2348e-13 1.7021e-12 8.1159e-13 8.4543e-13 1.4472e-12 1.4553e-12 1.5952e-12
1.8847e-11 1.562e-11 1.364e-11 7.8836e-12 2.8082e-12 3.3591e-12 2.3773e-12 1.6442e-12 2.7132e-12 2.4949e-12 1.2687e-12 1.9783e-12 2.1179e-12 1.1831e-12 7.6255e-13 1.3226e-12 1.9321e-12 1.566e-12 7.0621e-13 8.1416e-13 7.6266e-13 1.3143e-12 1.6683e-12 1.3482e-12
7.7078e-12 8.8326e-12 8.1857e-12 3.7608e-12 3.6978e-12 2.8408e-12 3.0749e-12 2.1776e-12 1.6006e-12 1.7397e-12 1.7855e-12 2.0638e-12 1.7627e-12 1.1869e-12 1.3122e-12 1.0259e-12 1.1278e-12 1.2999e-12 7.5978e-13 7.8412e-13 1.0164e-12 1.2192e-12 1.3111e-12 1.5223e-12
5.1376e-12 5.1336e-12 4.4662e-12 4.9667e-12 3.5037e-12 3.9958e-12 2.7774e-12 2.3978e-12 1.7438e-12 1.721e-12 1.4129e-12 1.6863e-12 1.3172e-12 1.5565e-12 1.431e-12 1.4098e-12 1.0793e-12 1.0483e-12 9.7125e-13 9.2211e-13 1.1475e-12 1.1507e-12 1.0649e-12 1.25e-12
1.2452e-11 1.1781e-11 5.7371e-12 3.6621e-12 1.9655e-12 2.5881e-12 3.2192e-12 2.8827e-12 1.9635e-12 1.328e-12 2.1493e-12 2.2479e-12 1.0802e-12 1.3774e-12 1.2117e-12 1.3899e-12 1.2378e-12 1.0719e-12 9.2683e-13 6.9404e-13 9.4866e-13 1.3384e-12 1.1349e-12 1.0401e-12
2.2461e-11 2.238e-11 1.093e-11 7.2187e-12 3.6079e-12 2.4719e-12 3.2086e-12 2.4137e-12 2.8412e-12 2.5092e-12 1.2832e-12 1.6051e-12 2.2586e-12 2.5261e-12 8.8513e-13 1.3567e-12 1.883e-12 6.2361e-13 1.5916e-12 7.3987e-13 8.4698e-13 1.3936e-12 1.4545e-12 1.5245e-12
1.5282e-11 1.4033e-11 1.5203e-11 7.4266e-12 8.1021e-12 6.135e-12 1.8806e-12 2.4095e-12 1.2842e-12 1.4667e-12 3.3193e-12 2.5015e-12 2.408e-12 2.9273e-12 1.1995e-12 1.4637e-12 4.5205e-13 3.0823e-12 1.7587e-12 7.7088e-13 7.8844e-13 1.5269e-12 1.8568e-12 1.7359e-12
1.8469e-11 2.3303e-11 1.1937e-11 6.4226e-12 3.39e-12 2.6436e-12 3.2572e-12 2.4081e-12 2.7506e-12 2.5174e-12 1.2621e-12 1.4963e-12 2.3367e-12 2.238e-12 9.0939e-13 1.2967e-12 1.8643e-12 6.2563e-13 1.6776e-12 8.047e-13 8.2382e-13 1.436e-12 1.296e-12 1.7588e-12
1.2182e-11 1.3093e-11 5.8526e-12 4.4298e-12 2.0039e-12 2.763e-12 3.6459e-12 2.6852e-12 2.239e-12 1.3772e-12 2.0967e-12 2.2316e-12 1.0926e-12 1.2998e-12 1.0918e-12 1.4358e-12 1.4591e-12 9.4583e-13 9.1447e-13 6.9275e-13 9.7005e-13 1.1997e-12 1.1005e-12 1.0757e-12
5.8448e-12 6.2592e-12 3.4533e-12 3.826e-12 3.2159e-12 3.9617e-12 2.1939e-12 2.5377e-12 2.1432e-12 1.9835e-12 1.5419e-12 1.8078e-12 1.499e-12 1.2758e-12 8.7428e-13 1.1465e-12 1.0955e-12 9.7412e-13 9.3099e-13 8.691e-13 1.2657e-12 1.3302e-12 1.1223e-12 1.1573e-12
9.0218e-12 9.0834e-12 6.2587e-12 3.8218e-12 4.0742e-12 3.001e-12 3.0391e-12 2.1023e-12 1.5883e-12 1.6251e-12 1.5802e-12 1.8817e-12 1.7414e-12 1.183e-12 1.244e-12 9.6485e-13 1.1363e-12 1.2278e-12 7.2741e-13 8.6724e-13 9.234e-13 1.2258e-12 1.2157e-12 1.4533e-12
1.6115e-11 1.4744e-11 1.3015e-11 8.3821e-12 2.4927e-12 3.2872e-12 2.3282e-12 1.6351e-12 2.4138e-12 2.6187e-12 1.274e-12 2.1666e-12 2.1745e-12 1.1712e-12 7.7047e-13 1.3087e-12 1.6943e-12 1.6403e-12 6.7822e-13 8.7265e-13 7.4349e-13 1.1755e-12 1.5117e-12 1.2707e-12
1.8469e-11 2.3303e-11 1.1937e-11 6.4226e-12 3.39e-12 2.6436e-12 3.2572e-12 2.4081e-12 2.7506e-12 2.5174e-12 1.2621e-12 1.4963e-12 2.3367e-12 2.238e-12 9.0939e-13 1.2967e-12 1.8643e-12 6.2563e-13 1.6776e-12 8.047e-13 8.2382e-13 1.436e-12 1.296e-12 1.7588e-12
1.522e-11 1.3737e-11 1.5184e-11 8.221e-12 2.3727e-12 3.2123e-12 2.3994e-12 1.665e-12 2.2643e-12 2.5503e-12 1.3707e-12 2.3173e-12 2.2196e-12 1.1739e-12 7.757e-13 1.3185e-12 1.6556e-12 1.3589e-12 6.9543e-13 7.5272e-13 7.5009e-13 1.3958e-12 1.4103e-12 1.3375e-12
8.2695e-12 9.8043e-12 7.6981e-12 3.7896e-12 4.2823e-12 2.9483e-12 3.0072e-12 2.4914e-12 1.4847e-12 2.2632e-12 1.32e-12 1.7867e-12 1.9313e-12 1.2734e-12 1.2983e-12 1.0109e-12 1.2559e-12 1.4403e-12 6.8202e-13 8.2079e-13 1.0832e-12 1.1814e-12 1.363e-12 1.5124e-12
5.2493e-12 5.509e-12 4.731e-12 4.314e-12 3.3815e-12 3.8098e-12 2.5724e-12 2.6013e-12 1.4917e-12 1.8322e-12 1.5706e-12 1.8929e-12 1.3828e-12 1.6356e-12 1.3919e-12 1.2747e-12 1.0582e-12 1.0884e-12 9.9968e-13 9.2998e-13 1.2113e-12 1.1678e-12 1.0968e-12 1.3311e-12
8.8596e-12 6.7846e-12 4.9564e-12 4.1672e-12 3.2803e-12 3.918e-12 3.0491e-12 2.8266e-12 1.0258e-12 1.7437e-12 1.6595e-12 1.8349e-12 2.0354e-12 1.5927e-12 2.1948e-12 1.1734e-12 8.3414e-13 8.867e-13 5.9082e-13 6.5213e-13 1.196e-12 1.2588e-12 1.8452e-12 1.7382e-12
9.4614e-12 9.2359e-12 7.1791e-12 4.1166e-12 3.717e-12 3.0224e-12 3.1161e-12 2.6595e-12 1.5813e-12 1.6926e-12 1.5737e-12 2.0162e-12 1.9671e-12 1.1037e-12 1.297e-12 1.0487e-12 1.1434e-12 1.3174e-12 7.2166e-13 9.1e-13 9.2751e-13 1.1225e-12 1.4056e-12 1.4282e-12
1.1819e-11 1.1847e-11 5.5889e-12 3.608e-12 2.1662e-12 2.7261e-12 3.1452e-12 2.8268e-12 1.8483e-12 1.573e-12 2.0833e-12 2.0251e-12 1.0923e-12 1.2161e-12 1.17e-12 1.4947e-12 1.4425e-12 9.8384e-13 9.4538e-13 6.9735e-13 1.0112e-12 1.1952e-12 1.1388e-12 1.0889e-12
9.0598e-12 9.8951e-12 8.0776e-12 4.0091e-12 3.8254e-12 2.6804e-12 2.8606e-12 2.0274e-12 1.5935e-12 1.9573e-12 1.5981e-12 1.954e-12 2.103e-12 1.2415e-12 1.2561e-12 1.0667e-12 1.1821e-12 1.3315e-12 6.724e-13 8.5858e-13 9.2909e-13 1.1755e-12 1.3046e-12 1.3839e-12
1.284e-11 6.5952e-12 4.3375e-12 4.2901e-12 3.5874e-12 4.4712e-12 3.1214e-12 2.9488e-12 1.0312e-12 1.7682e-12 2.0889e-12 1.6035e-12 1.6709e-12 1.4076e-12 2.4906e-12 1.2704e-12 9.2158e-13 9.5826e-13 5.8796e-13 5.8342e-13 1.1688e-12 1.2037e-12 2.071e-12 1.5622e-12
6.347e-12 6.2472e-12 5.2353e-12 4.7021e-12 4.3741e-12 4.5396e-12 3.9029e-12 3.7717e-12 1.4279e-12 1.2895e-12 1.3829e-12 1.5335e-12 1.502e-12 1.6195e-12 1.4375e-12 1.4999e-12 7.042e-13 6.5029e-13 6.1806e-13 5.9122e-13 1.6846e-12 1.5451e-12 1.5314e-12 1.5481e-12
6.3421e-12 6.3393e-12 5.0178e-12 4.823e-12 4.8278e-12 4.1723e-12 3.0783e-12 4.2016e-12 1.3766e-12 1.294e-12 1.453e-12 1.5368e-12 1.6275e-12 1.5033e-12 1.428e-12 1.3211e-12 6.9153e-13 6.2361e-13 6.2437e-13 5.8747e-13 1.6701e-12 1.5874e-12 1.7272e-12 1.6087e-12
6.2918e-12 6.6951e-12 4.1159e-12 4.1947e-12 3.6488e-12 3.3693e-12 2.7184e-12 3.4022e-12 1.6787e-12 1.6296e-12 1.7898e-12 1.7638e-12 1.4532e-12 1.3903e-12 1.2554e-12 1.401e-12 1.2309e-12 1.1427e-12 9.0906e-13 8.8108e-13 1.1098e-12 1.1606e-12 1.0925e-12 1.1499e-12
6.1948e-12 5.4051e-12 3.9238e-12 3.8965e-12 3.1488e-12 3.4057e-12 1.8438e-12 2.4623e-12 2.1206e-12 1.9145e-12 1.7847e-12 1.7694e-12 1.3131e-12 1.1845e-12 1.0204e-12 1.022e-12 1.0381e-12 1.0087e-12 9.2011e-13 9.3732e-13 1.1961e-12 1.2291e-12 1.0474e-12 1.1379e-12
4.7328e-12 6.0342e-12 4.6037e-12 4.6234e-12 3.4343e-12 3.2803e-12 2.6162e-12 2.6138e-12 1.7551e-12 1.6482e-12 1.6922e-12 1.8642e-12 1.413e-12 1.4075e-12 1.3196e-12 1.36e-12 1.1011e-12 1.094e-12 9.7308e-13 8.9638e-13 1.0831e-12 1.3034e-12 1.1998e-12 1.213e-12
5.6473e-12 5.6788e-12 4.3067e-12 4.8755e-12 4.1033e-12 4.3872e-12 3.2673e-12 3.2205e-12 1.3857e-12 1.4004e-12 1.5244e-12 1.5892e-12 1.4814e-12 1.5415e-12 1.3969e-12 1.4589e-12 6.7498e-13 6.7484e-13 6.2712e-13 5.9975e-13 1.7368e-12 1.9422e-12 1.6151e-12 1.5212e-12
6.1328e-12 5.3222e-12 5.876e-12 5.7664e-12 3.4822e-12 3.4074e-12 3.3091e-12 4.499e-12 1.3089e-12 1.4599e-12 1.4719e-12 1.4324e-12 2.8229e-12 3.8817e-12 1.2728e-12 1.424e-12 5.0259e-13 4.894e-13 5.822e-13 4.5893e-13 1.9646e-12 2.0129e-12 1.929e-12 2.0918e-12
