-0.873834 0.0469784 0.357837 
0.330873 0.0928017 -0.283567 
-0.548453 0.632773 0.468105 
-0.124696 0.27853 0.0502314 
-0.158113 0.519146 0.37623 
-0.290913 0.0356612 0.341712 
0.344299 0.642025 0.357109 
-0.0638647 -0.658628 0.174842 
0.383302 -0.109133 0.0514278 
-0.143467 -0.0486367 0.193173 
-0.246221 0.483661 0.48764 
0.424231 0.284827 0.0500024 
0.21741 0.333106 -0.340363 
-0.252716 0.0369092 -0.0870875 
0.11886 -0.199583 0.209469 
0.154906 0.218288 0.244704 
0.347503 -0.551527 0.429614 
-0.232118 -0.041419 0.541128 
0.161951 -0.123434 -0.0290616 
0.365993 -0.173537 0.418441 
-0.396253 -0.346028 0.0569331 
-0.0926572 0.0475604 -0.800676 
0.319874 0.184178 -0.569708 
-0.536043 0.766076 0.331573 
0.223331 0.286838 0.0741453 
-0.0690461 0.11897 -0.149284 
0.186423 0.0817383 -0.119356 
-0.328079 -0.137894 -0.32719 
-0.448921 0.535608 0.0737405 
0.176636 0.157919 -0.00320921 
-0.0529062 0.169904 -0.0422509 
-0.0123922 -0.544403 -0.125256 
0.213464 0.0496363 -0.43228 
0.708781 0.028687 -0.831617 
0.440145 0.153718 -0.248899 
-0.304049 -0.0335715 -0.122261 
0.0682871 0.268099 -0.15343 
0.43178 -0.355038 -0.13433 
-0.115515 -0.510741 0.348395 
-0.697685 0.179277 -0.0449872 
0.034322 -0.214286 0.219963 
-0.0769522 -0.159475 0.255213 
0.447391 0.00471097 -0.433051 
0.244341 0.147312 0.4392 
0.138953 -0.139485 0.326659 
0.190628 -0.0657428 0.0270617 
-0.00200256 0.545227 0.136797 
-0.23183 -0.0812728 0.10302 
-0.393017 0.669238 -0.317947 
0.493604 0.19707 -0.340659 
0.541764 -0.269512 0.413649 
0.00239837 0.235858 -0.165169 
0.0844062 0.130498 0.315461 
-0.328536 -0.0107099 0.134216 
-0.749707 0.550357 -0.472086 
-0.129504 -0.0174547 0.183315 
0.273566 -0.119887 0.277342 
0.0584798 0.0150505 0.267443 
-0.191921 -0.283042 0.048054 
-0.197314 -0.190983 0.134171 
-0.00968916 -0.319151 0.159737 
0.398632 -0.0818971 -0.152904 
-0.249047 0.107811 0.215706 
-0.174919 -0.0694367 -0.00624584 
0.26817 0.290379 0.00834267 
0.849281 0.761764 0.119943 
0.762775 0.579797 0.178243 
0.548584 -0.234372 0.207333 
-0.11787 0.201362 0.0983912 
0.141646 -1.36755 -0.90956 
-0.286958 -0.597858 0.668598 
0.097739 0.364651 -0.29102 
-0.461173 -0.217419 0.64369 
-0.379703 0.153866 -0.182226 
0.500139 -0.168341 -0.139925 
-0.11894 -0.146714 0.0113775 
-0.422947 0.0618498 -0.0132187 
-0.159816 0.0428661 0.109831 
-0.183238 -0.0896133 0.104553 
0.273602 0.0240297 0.0480353 
0.423072 0.337266 0.212243 
-0.418901 -0.118687 -0.305629 
0.810677 0.605568 -0.0809556 
-0.783736 -0.208655 -0.341753 
0.860298 -0.14592 0.207684 
-0.269401 -0.293982 0.353641 
0.137215 -0.439297 0.248819 
-0.271281 0.344261 -0.135234 
0.0946731 -0.225296 0.205048 
0.405412 -0.141046 -0.109919 
0.118637 0.0180097 0.250909 
-0.146267 -0.188634 -0.499391 
0.245591 -0.472513 0.267477 
0.0727091 0.102505 -0.220119 
-0.141215 0.144416 -0.0975868 
-0.174215 0.340316 0.0446109 
-0.0132958 -0.310157 0.149769 
-0.359064 -0.00609584 -0.90296 
-0.0168742 -0.0621279 -0.318413 
-0.0186429 -0.0998627 -0.263602 
0.0109836 0.158064 -0.437407 
-0.850758 0.294841 -0.190471 
-0.00570436 0.237067 -0.548257 
0.353588 -0.692566 -0.117803 
-0.210306 0.161603 0.0269112 
-0.27868 0.0866461 0.00283998 
-0.106039 0.197645 0.279387 
0.0136379 0.0795648 0.112147 
0.358535 -0.0850041 0.158151 
0.00870117 0.045821 -0.373489 
0.115242 -0.128168 0.228324 
-0.205694 -0.0539985 0.146005 
0.156957 0.374012 -0.620169 
-0.507711 0.561264 0.108743 
0.549022 -0.986724 -0.26608 
0.191855 -0.867034 0.0876349 
-0.613774 0.210436 0.491774 
-0.16014 0.487132 0.289289 
-0.0149533 -0.384805 -0.265697 
-0.00725802 -0.493388 -0.168901 
-0.0120429 -0.4391 -0.0450451 
-0.336352 0.012972 -0.143246 
-0.0555416 0.0612574 -0.138694 
-0.0544103 0.105881 -0.0183149 
0.488755 0.0976888 0.0328363 
-0.211227 0.152814 -0.0769443 
-0.00606156 -0.248518 -0.404442 
-0.0892851 0.213616 -0.0308644 
0.0227207 0.172089 -1.0732 
-0.184264 0.087066 0.0425745 
-0.739692 0.26419 0.95594 
-0.596713 0.0476429 -0.275473 
0.0924467 -0.544151 -0.558014 
-0.320087 -0.00600242 -0.0465319 
0.235623 0.489856 0.11755 
0.732234 0.85083 -0.440354 
-0.0578236 0.177344 -0.145756 
-0.458661 -0.0236051 0.473879 
0.0661498 -0.153715 0.122534 
0.161977 -0.165542 0.629889 
0.23308 0.150725 0.0101854 
0.303324 -0.159917 -0.055194 
0.213959 -0.141082 -0.154925 
-0.0232191 0.164314 -0.100687 
0.17367 0.706778 -0.313535 
0.41341 0.67389 0.927929 
-0.0781867 0.353134 -0.209417 
0.747606 0.0894951 0.0789003 
0.278102 -0.102126 -0.278837 
0.240468 -0.0402014 0.350471 
-0.0455313 -0.0749465 0.331306 
0.16381 0.280681 -0.295484 
0.114918 -0.119787 0.294424 
-0.173637 0.107549 0.367192 
0.181958 -0.311641 -0.0259734 
0.607647 -0.00247153 0.266277 
-0.102842 0.339442 -0.333294 
0.18125 0.0549162 -0.165145 
0.581586 -0.144887 0.272488 
-0.302593 -0.0823034 0.288222 
-0.423678 -0.499729 -0.0727957 
0.0716586 -0.097931 0.32015 
-0.521295 0.733923 0.238348 
0.537088 -0.511914 0.0465725 
0.304386 -1.10945 -0.143309 
-0.630543 -0.459976 0.302113 
-0.547902 -0.699571 0.379297 
0.401463 -0.546902 0.130809 
-0.182229 -0.394385 -0.240234 
0.0389542 -0.0535777 -0.303816 
-0.109441 0.245901 -0.35224 
-0.0829577 0.483748 -0.208759 
0.264404 0.011851 0.357196 
-0.306992 0.0177864 0.17198 
-0.590601 0.312722 0.63149 
-0.373821 -0.221082 -0.215049 
0.908205 -0.167547 -0.363898 
0.348359 0.753252 0.204498 
-0.456772 -0.414439 -0.39201 
0.291577 -0.201854 0.307741 
-0.787347 -0.0641861 -0.068562 
-0.0997473 0.327177 -0.0615366 
0.657302 0.0807825 -0.068165 
-0.0750879 -0.390112 -0.436391 
-0.239011 -0.211102 -0.111274 
0.291097 -0.30368 -0.152223 
0.195757 -0.12183 0.24923 
-0.0182027 -0.134964 0.0181569 
0.0953586 -0.155921 -0.0397366 
-0.0604848 0.271855 -0.324884 
0.193781 -0.0687098 0.1887 
0.095709 -0.0338738 -0.00735185 
0.320462 -0.78929 -0.451951 
-0.159114 -0.323005 -0.0362415 
-0.0212585 -0.19174 -0.142894 
0.139181 0.274369 -0.565338 
-0.363464 -0.527403 -0.396696 
0.735337 0.915145 0.387106 
-0.0839343 -0.105585 0.28078 
-0.679961 0.378873 0.12115 
0.0373075 -0.0625207 -0.234757 
-0.114117 -0.434902 -0.070052 
0.0177941 -0.454502 0.044192 
-0.197086 0.0768527 0.0806544 
-0.0191813 0.031193 0.28397 
0.0576145 0.155309 -0.226867 
-0.112859 -0.33147 -0.137591 
-0.509094 0.0650287 0.222089 
-0.203683 0.422797 0.172039 
0.736591 0.430637 -0.178484 
-0.126985 0.0752927 -0.147084 
-0.823287 0.172888 0.308769 
0.320698 -0.610561 0.00155863 
0.349118 0.190203 -0.100657 
-0.378588 0.399111 -1.10859 
0.467534 0.208806 0.0806872 
0.104867 0.0157362 -0.346251 
0.0321053 0.199503 0.295378 
-0.138352 0.0535118 0.10212 
-0.396771 -0.105592 0.028208 
0.274054 0.294921 0.28128 
0.151765 0.140897 0.253762 
0.0457951 -0.114238 0.0852025 
0.16607 0.125041 0.05343 
0.575215 0.340844 0.168261 
-0.121909 0.396268 0.250592 
0.0738415 -0.19891 -0.069859 
-0.861705 0.242352 0.146231 
-0.153755 -0.0416816 -0.279944 
0.0224386 0.0834074 -0.0633363 
0.0984037 -0.80506 -0.0455087 
0.0835055 0.00653886 -0.76324 
0.105309 -0.248932 -0.370745 
0.130048 0.003785 0.179183 
-0.0807753 -0.25006 -0.033106 
-0.0534956 0.265375 0.00778097 
-0.376139 -0.110175 0.174039 
-0.132584 0.0784026 0.0621853 
-0.0943473 -0.108487 -0.0756562 
0.00896066 -0.423586 0.0639664 
0.470425 0.153023 0.926737 
0.36095 -0.454569 0.188898 
0.00536637 -0.277224 0.195905 
0.071093 0.708056 -0.25275 
-0.194305 -0.45593 -0.150408 
-0.107204 0.541581 0.0668282 
0.352593 0.133941 -0.0222693 
0.916689 -0.0133506 0.428916 
-0.168041 -0.208081 0.0680323 
0.136671 0.127543 -0.0556025 
-0.0719605 -0.277715 -0.0430031 
0.223207 -0.100979 -0.120615 
0.0919881 -0.102756 -0.189881 
0.378322 0.0694359 0.597166 
0.0397133 -0.118435 0.72896 
0.0276587 -0.151557 -0.067361 
0.142869 0.371757 -0.138194 
0.0171233 -0.234914 0.735885 
0.394914 -0.206173 -0.0533832 
-0.319374 0.465597 0.121694 
0.0870792 0.234087 0.0903679 
-0.249055 -0.300247 -0.63416 
-0.177407 0.0923193 0.738747 
-0.392894 0.110123 -0.365635 
-0.0268625 0.0659785 0.352245 
-0.0462679 0.233219 0.0869771 
-0.19856 -0.0192139 0.0346359 
0.177108 0.102999 -0.233541 
-0.178824 0.153216 0.225686 
0.145442 -0.211163 0.165493 
0.334571 0.0091702 -0.125528 
0.0722733 0.222959 0.102247 
-0.537268 -0.417089 0.0539576 
-0.271566 0.544317 0.068366 
-0.194821 0.123718 -0.00735026 
0.0676464 0.479406 0.104935 
-0.0641281 -0.279664 0.94133 
-0.0446712 -0.164308 0.00767675 
0.382625 0.606182 0.745174 
0.3066 -0.292736 -0.407269 
0.435415 -0.102445 0.195683 
-0.131713 0.120654 -0.274024 
-0.26002 0.000269983 -0.140155 
-0.338682 0.154364 -0.123075 
-0.178353 -0.356735 0.0503833 
-0.145191 0.191399 -0.0929021 
0.140603 0.00141259 -0.0697296 
0.363717 -0.249867 0.407873 
0.504237 0.0894202 0.0594469 
0.0547097 0.23366 -0.786103 
-0.0950576 -1.26629 -0.296118 
0.214788 -0.374641 -0.0269402 
-0.104498 1.17068 -0.958952 
0.212059 0.119183 -0.374585 
-0.752925 -0.793592 0.184211 
-0.0753434 -0.132217 0.352197 
0.168349 0.267329 0.259833 
-0.249819 -0.0988658 -0.160592 
0.0664636 0.0146576 0.0931754 
0.0887624 -0.0722768 -0.11521 
0.167661 0.0961538 -0.0699815 
0.385585 0.388034 0.137802 
0.226918 -0.190358 -0.396582 
-0.260377 0.054909 -0.0628924 
-0.0791177 0.259386 0.240712 
-0.74597 0.567265 0.669349 
0.354558 0.382307 -0.16845 
0.470958 0.123197 -0.065628 
0.529624 0.368921 0.319795 
0.135274 -0.0275304 0.242211 
-0.195768 -0.101465 0.18357 
0.153446 -0.246463 -0.117966 
-0.247309 -0.0795578 0.319535 
0.0573374 0.0529211 -0.0922676 
-0.230893 -0.0367551 0.0687319 
-0.0654758 0.219103 -0.00228417 
0.364348 -0.115738 0.279736 
-0.24727 -0.380287 0.249122 
0.0331672 -0.276148 -0.0508823 
0.115256 0.0593946 -0.182754 
0.194088 0.0340778 -0.353099 
-0.19192 -0.222709 -0.319988 
0.421464 -0.0560376 -0.126854 
-0.00896108 0.161491 0.322527 
-0.680858 0.166458 0.525736 
-0.268929 0.504004 -0.0507266 
0.0939172 -0.585822 0.384693 
-0.169621 -0.54262 0.712321 
0.16449 -0.265608 0.104646 
-0.0118082 0.755391 0.45262 
-0.395557 0.00195845 0.0551776 
0.173643 -0.00379703 -0.091437 
0.346584 -0.347361 -0.049886 
0.128948 -0.264613 -0.613681 
0.366979 0.112309 0.0702733 
-0.0456617 -0.150577 -0.256207 
-0.230818 -0.187181 0.350119 
0.234117 0.616603 0.0655624 
0.376781 0.553089 -0.161708 
-0.41464 0.449282 -0.119407 
-0.543176 -0.212211 0.218179 
0.307811 0.664183 0.00727621 
-0.66696 0.381653 0.799938 
0.0927151 -0.417011 -0.580144 
0.0994966 -0.197479 0.00378478 
-0.0210025 0.0540062 0.013772 
-0.0756004 0.0900305 -0.339791 
-0.0783015 0.493932 0.242866 
-0.219823 0.175345 0.0903645 
-0.334181 -0.00287158 -0.109235 
0.299102 -0.0335916 -0.264612 
0.245691 0.154234 -0.13459 
-0.301506 0.191213 0.480408 
-0.306176 0.424704 0.376242 
-0.234281 -0.533044 0.118223 
0.15154 -0.138754 -0.00690414 
0.215619 0.264949 0.124528 
0.0117179 0.603943 0.236643 
0.057212 0.0377873 0.290693 
-0.201338 0.482496 -0.286263 
0.0813156 0.0153179 -0.0124039 
0.132217 0.11271 0.145647 
-0.46142 0.114511 0.108373 
-0.261325 0.140168 -0.12064 
-0.0110118 0.0274427 0.157913 
-0.0043242 0.215543 0.191612 
-0.368886 -0.131223 -0.0897283 
-0.418155 -0.0819656 0.0461671 
-0.0838172 -0.00818283 -0.84071 
-0.0101068 0.268534 0.117247 
0.188666 0.363389 -0.46158 
0.180654 0.0514655 0.355017 
0.469353 -0.618802 -0.170479 
0.362813 -0.58453 -0.237701 
-0.035041 -0.153024 -0.128711 
-0.216021 0.950432 -0.24848 
-0.094269 -0.262444 -0.206215 
-0.37257 0.419111 0.313468 
0.391811 0.184348 0.402092 
0.307159 -0.361611 0.312945 
-0.112299 -0.41286 0.243733 
0.418369 0.0138311 0.286799 
-0.456959 -0.164431 0.360687 
0.699752 0.212493 -0.0753645 
-0.224179 0.661824 0.540361 
0.188196 0.36314 0.479272 
0.681222 0.158186 -0.10875 
0.00133254 -0.035066 0.145368 
-0.523745 0.331974 0.373956 
-0.554116 -0.0979659 -0.0360297 
-0.0617811 -0.314872 0.59925 
0.495078 0.132083 0.0871371 
0.227562 0.04797 0.242733 
0.30928 0.0250079 -0.0586612 
0.0157932 0.459248 0.00552096 
-0.0356064 0.0593619 -0.156766 
-0.0268866 0.0978098 0.0458848 
0.270981 -0.00745915 -0.345935 
-0.172738 0.217549 0.201882 
0.0190264 -0.262237 -0.252735 
-0.0703026 -0.0289257 0.267456 
-0.171279 -0.318774 0.0423737 
0.0469916 0.364387 -0.316772 
-0.0171247 0.514469 -0.565261 
0.175679 -0.318921 0.658908 
-0.337292 0.82596 -0.26962 
-0.367459 -0.0819154 -0.286306 
-0.510626 0.316092 0.147501 
0.0658572 0.0452682 0.19987 
-0.27134 0.218598 0.325946 
-0.118628 -0.0206171 -0.013149 
0.122189 -0.19203 0.0956212 
-0.123081 -0.284319 -0.0350945 
-0.0798312 0.102366 0.364664 
0.362138 0.0229113 0.0766827 
0.0682003 -0.32373 -0.271013 
0.22328 -0.0112168 0.425395 
0.784808 -0.372886 -0.522489 
0.390278 0.381831 0.388691 
-0.0379758 0.258872 0.202356 
-0.159592 -0.0872995 0.437966 
0.176629 -0.262331 -0.44991 
-0.294694 -0.165564 0.0161604 
0.0962027 0.107808 0.224216 
-0.654366 -0.250025 0.00987062 
-0.23107 0.052094 -0.199727 
0.140491 -0.0657567 -0.102318 
-0.585816 -0.274068 0.265828 
-0.363854 0.0459899 -0.240822 
0.0494279 0.134745 -0.278167 
0.377132 0.282242 -0.158444 
0.118863 0.0158883 -0.0733091 
-0.160145 0.314657 0.366769 
0.104983 0.397569 0.517976 
-0.0183858 0.81607 0.0563334 
-0.413445 0.0918305 -0.590287 
-0.0521596 0.31481 -0.520287 
-0.235241 -0.435142 -0.741894 
-0.352783 -0.278055 0.443614 
-0.254085 -0.386339 0.422861 
0.236039 -0.0386398 0.0158808 
-0.202051 -0.353498 0.199691 
-0.267042 -0.225419 -0.172974 
0.0860465 -0.156798 -0.554267 
0.22405 0.322931 0.0179576 
0.323249 -0.226989 -0.0181175 
0.0154003 0.337816 -0.297131 
-0.0509734 -0.0332318 0.317349 
-0.0804112 -0.404856 -0.119809 
0.310174 -0.317406 -0.728543 
0.610804 0.16445 0.141778 
-0.249051 -0.563092 -0.46904 
-0.0724684 -0.602609 0.289101 
0.640268 -0.726357 1.0442 
0.0828455 -0.279097 -0.112006 
0.625963 -0.19373 0.17485 
-0.321115 -0.227214 0.233406 
0.440673 0.0813599 -0.0126666 
0.316687 -0.202638 0.313167 
0.0261017 0.0072902 0.409099 
-0.0792952 0.253982 -0.0872029 
-0.128646 0.0143027 0.244545 
-0.149237 0.204081 0.109286 
-0.184378 -0.0202149 0.324948 
0.351291 -0.0754411 -0.62399 
0.196342 0.0118778 0.305944 
0.322782 0.0379382 0.150349 
-0.0597318 0.128443 0.0986545 
0.406924 -0.154653 -0.569706 
0.793729 0.0667814 -0.170955 
-0.107018 -0.441322 0.476497 
0.728386 -0.283273 -0.142811 
0.00185591 -0.0731674 0.00118499 
-0.290665 -0.080452 -0.0758735 
-0.64827 0.497411 -0.443777 
-0.404377 0.0998053 0.36366 
0.20898 -0.0771001 0.0987048 
-0.130715 -0.0134607 0.592218 
-0.40332 -0.156766 -0.527306 
-0.0822147 -0.071207 -0.166314 
-0.107668 0.204515 0.475055 
-0.347622 -0.00470549 -0.451822 
-0.155214 0.21883 0.297689 
-0.384641 -0.571689 -0.202738 
-0.105568 -0.263064 0.233018 
0.36995 -0.5253 -0.353606 
0.675633 -0.555919 -0.630751 
0.251678 -0.138886 -0.183153 
-0.0543384 -0.0768208 -0.0793104 
0.285917 -0.156887 -0.407448 
-0.0275997 -0.103704 -0.419787 
0.0938182 -0.201397 0.497644 
0.602451 -0.301645 -0.0253409 
-0.133712 -0.586174 -0.00660022 
-0.0108922 -0.0637888 -0.0721594 
-0.310629 0.0192662 -0.344101 
-0.292831 0.0717718 0.34258 
0.0197469 0.136555 -0.184419 
-0.0553773 -0.220619 -0.379728 
-0.149556 -0.659668 0.209985 
0.339237 -0.232587 -0.962454 
0.243483 -0.048422 0.531296 
-0.073626 0.201244 -0.826607 
-0.202254 0.421399 0.0523544 
-0.0304546 -0.104108 0.355614 
0.0435091 -0.347387 0.0590583 
-0.184066 -0.144974 0.497043 
-0.344981 0.250476 -0.16925 
-0.213346 0.0320985 0.58445 
-0.349433 0.111066 0.331838 
0.202356 -0.0764712 -0.240276 
-0.0793081 0.432828 0.203723 
0.0600113 0.458575 -0.0146769 
0.596913 -0.735164 -0.103373 
-0.836717 0.38693 -0.438217 
-0.302078 -0.0216072 0.231956 
0.51836 -0.12918 0.260638 
-0.422871 0.353673 0.273032 
0.012145 -0.977579 -0.0755598 
0.51059 0.537779 -0.56204 
0.103099 0.0104911 0.0779956 
0.0548645 -0.0128373 -0.240815 
0.103131 0.140062 -0.0679792 
0.0627654 0.532619 0.358614 
0.724266 -0.292023 0.0227348 
0.461742 0.285768 -0.148054 
0.110772 0.204176 -0.0529083 
0.0518231 0.137925 -0.0132559 
0.0830097 -0.804719 -0.0311616 
0.31701 -0.364862 0.035022 
0.285222 -0.217353 0.0434683 
-0.75448 -0.253577 0.280278 
-0.575076 -0.436341 0.553085 
0.569857 0.322941 0.233105 
-0.21557 0.337402 0.147159 
0.114582 0.130754 0.042811 
0.100234 0.0112113 -0.285479 
-0.137289 0.475657 0.0167766 
-0.352751 0.169702 -0.13392 
0.0375407 0.114619 -0.145438 
0.168665 -0.0765383 -0.0834209 
0.181793 -0.358283 -0.180506 
-0.182782 0.0176142 0.209942 
-0.236185 -0.0313933 0.263923 
-0.420623 0.0720701 -0.193022 
-0.275432 0.498136 -0.505458 
-0.123552 0.357573 0.0950702 
0.26899 0.348479 -0.429093 
-0.0484883 -0.328236 0.139161 
-0.0639657 -0.593526 -0.737021 
-0.113582 -0.266228 0.103519 
0.452429 -0.52158 0.285118 
-0.415767 -0.315172 -0.214295 
-0.200315 0.183555 0.15858 
0.0901437 -0.364857 0.200303 
-0.173321 -0.0588148 0.255661 
0.194177 0.0878425 -0.403527 
0.0067937 -0.0494826 0.00859413 
0.0432814 -0.110078 -0.0315914 
-0.238468 -0.400157 -0.209681 
0.914611 -0.384843 0.520544 
-0.388776 0.148026 -0.730586 
-0.112255 0.339904 0.465253 
-0.294253 -0.125112 -0.2064 
0.250579 0.0435158 0.366118 
0.705473 -0.134065 0.445043 
-0.190728 0.143164 -0.208276 
-0.0923178 -0.809145 0.50201 
-0.278266 -0.140529 -0.266188 
-0.509245 -0.0671283 0.113 
0.202181 -0.0524081 -0.0299894 
0.077327 0.1846 -0.4125 
0.123778 -0.171425 0.257631 
-0.156605 0.107793 -0.491286 
-0.248157 -0.167766 0.214468 
0.0530612 -0.487398 0.568704 
-0.324353 0.173156 -0.530147 
0.0729465 -0.0202775 0.00175699 
-0.122568 0.0543411 0.643156 
-0.543889 -0.0118921 -0.0604363 
0.195243 0.36554 0.0209829 
0.282372 0.166958 0.754696 
0.067561 0.162142 -0.497089 
-0.0894191 -0.327882 -0.200143 
-0.310841 0.0831271 0.302426 
-0.0993154 -0.591575 -0.214147 
-0.224123 0.365688 -0.220322 
-0.182527 -0.00172953 -0.271134 
0.0602174 0.0326345 -0.190816 
0.139091 0.0830272 0.0920722 
0.000538649 -0.271351 0.104848 
-0.164914 0.198708 -0.182743 
-0.562239 0.327516 -0.0540422 
-0.115239 0.347307 0.00849384 
0.346192 0.192708 0.574636 
0.0581958 0.37655 -0.278541 
-0.522343 -0.435051 -0.603694 
-0.154568 0.0622301 0.234664 
-0.586796 -0.399029 -1.08887 
0.359452 0.233281 0.249235 
0.532663 -0.280331 0.115293 
-0.329047 0.0521341 0.0515365 
0.0322432 -0.0538041 0.0905505 
-0.231226 0.179169 -0.195099 
-0.117318 -0.0422092 0.187183 
-0.00535877 -0.122924 -0.335179 
-0.50555 0.288858 0.21144 
-0.190747 0.0766799 0.0607857 
-0.585599 0.0409471 -0.483518 
0.0909756 -0.114375 0.516465 
0.373609 -0.976481 0.384431 
-0.782208 -0.548354 0.67851 
0.398962 0.414168 0.363263 
0.0924716 -0.805572 0.220321 
0.0377848 -0.303318 -0.279888 
-0.0835336 -0.31225 0.312793 
0.168721 -0.233421 0.128814 
0.332072 0.196793 -0.288457 
-0.163201 0.00872138 0.570056 
-0.365332 0.0307917 0.155995 
0.301638 0.146555 -0.330802 
-0.0994289 0.0353656 -0.0781184 
-0.0559965 -0.0597173 0.0544982 
-0.226637 0.121308 0.418925 
-0.553973 0.0145038 0.133295 
-0.321976 0.484006 -0.393466 
0.189018 0.252169 -0.364989 
0.192178 -0.13342 0.183673 
-0.392979 -0.117014 0.453696 
0.444114 -0.550079 -0.154812 
0.803348 -0.254793 0.0854023 
0.401938 -0.0124079 0.128868 
0.181911 0.339943 -0.177311 
0.168628 -0.284253 -0.113371 
-0.419816 0.0079277 -0.0577004 
0.11396 0.0129087 -0.451429 
0.102611 0.165201 0.477786 
0.0895903 -0.223609 0.323604 
-0.115559 0.0277395 0.0881266 
-0.39021 0.0531753 -0.142008 
0.0950699 0.206525 0.654283 
1.09898 -0.24311 -0.268597 
-0.205627 0.421159 -0.0720457 
0.255787 -0.71558 0.0645812 
-0.0265884 0.0408893 0.130162 
0.351649 -0.873533 -0.249249 
0.0920276 -0.568785 -0.670233 
-0.0663547 0.307882 0.529254 
0.0200942 0.575303 -0.143581 
-0.484311 -0.259121 0.0907398 
-0.0666759 0.283931 -0.14965 
-0.194599 0.13447 0.0121721 
-0.0601606 -0.04394 0.0424937 
0.180798 -0.109575 0.0512317 
0.373662 -0.228941 -0.0473365 
-0.0919309 0.0700879 -0.309221 
-0.883857 -0.250724 0.506562 
-0.631179 -0.740636 0.00221754 
-0.580918 -0.139894 -0.353154 
0.145032 0.299709 -0.0652789 
-0.10154 -0.611339 -0.46153 
0.670636 -0.232729 0.0167259 
-0.0514943 0.876743 -0.574181 
-0.430042 0.0562254 -0.920835 
-0.179893 0.132098 -0.356293 
-0.331389 -0.0109984 0.398414 
-0.218926 0.0740989 0.177691 
-0.229755 0.281169 -0.207803 
-0.00341059 -0.146415 0.407145 
-0.48624 -0.289697 -0.331209 
0.307367 -0.163855 -0.296979 
0.130468 0.185495 0.0364981 
0.139768 -0.175524 -0.0547187 
-0.0691925 -0.70939 -0.345977 
0.419665 1.0009 -0.134838 
-0.0248609 -0.765938 0.720935 
-0.201851 0.0610668 -0.563234 
-0.767528 0.48137 0.390808 
0.0988433 -0.466244 0.602054 
0.298997 -0.123632 -0.442919 
0.188713 0.306773 -0.257833 
0.0950472 0.204048 0.305547 
0.0203856 0.191329 -0.309787 
0.275826 0.0462407 0.155239 
0.0987744 -0.288295 -0.307586 
0.263399 -0.0251318 0.131344 
0.405447 0.423995 -0.202575 
0.193679 -0.0835596 0.0856983 
-0.31979 -0.0864336 -0.218115 
-0.508259 -0.326238 0.023908 
-0.446494 0.460729 -0.761053 
0.137721 0.120917 -0.0123747 
0.274543 0.152979 0.0386029 
-0.686648 -0.0701286 -0.700288 
0.418617 0.353507 0.0443553 
-0.41185 -0.134282 -0.212338 
-0.439605 -0.0100068 -0.21077 
-0.15683 0.22529 -0.0117477 
0.176472 -0.0734824 -0.383889 
0.0342276 -0.256217 0.0482465 
-0.251394 0.424513 -0.324048 
-0.053591 0.140478 0.345325 
-0.457273 0.144021 -0.111447 
0.495981 -0.147192 -0.238355 
-0.0330099 -0.286493 0.846532 
-0.49376 -0.170172 -0.466943 
-0.54837 -0.131908 -0.395112 
-0.584306 -0.671468 0.254089 
-0.171387 0.826099 -0.25546 
-0.10694 -0.350774 -0.00751913 
-0.0667288 0.558284 -0.333299 
0.0126457 0.0815599 -0.258456 
0.086068 -0.012854 0.0930048 
-0.13112 0.35332 -0.0666919 
0.03376 0.00031382 -0.180111 
0.255504 -0.38952 0.000703589 
-0.0649807 -0.0111741 0.196874 
0.0062438 0.0224778 0.0265973 
0.421695 -0.178323 -0.202092 
0.0233122 -0.0747197 -0.107308 
-0.117362 -0.620604 0.0348666 
-0.699046 -0.157678 -0.123252 
-0.475901 -0.603978 -0.480718 
0.542259 0.304736 0.433086 
0.333977 0.0539092 0.232612 
0.995198 0.418337 -0.500357 
0.733358 0.299906 0.0243502 
0.463078 0.561503 -0.295641 
0.343574 -0.066469 0.0802224 
-0.0219756 0.145243 0.132947 
0.104808 0.160136 0.0715276 
0.0097527 0.38036 -0.627848 
0.438128 -0.067234 0.278598 
-0.0128918 0.241047 0.336536 
0.437242 -0.0336208 -0.178332 
-0.164093 0.167961 -0.092076 
-0.210206 0.141381 0.237374 
0.990779 0.147869 -0.166961 
-0.241903 0.000386253 -0.495448 
-0.100128 -0.327025 -0.291702 
-0.129267 -0.393173 -0.310225 
-0.0326939 -0.919791 0.397474 
0.378051 -0.0381822 -0.249275 
0.20043 0.0754916 -0.182503 
0.0266166 0.0926242 -0.15966 
0.589019 0.332993 0.0704365 
0.506476 -0.0383032 0.263073 
0.0976902 -0.140801 0.138013 
-0.0676736 0.0209427 0.157235 
-0.601224 0.0914528 0.430918 
0.0726644 0.323289 -0.298026 
0.0691103 -0.131342 -0.126427 
-0.357705 -0.0505325 0.360225 
-0.422497 -0.20903 -0.0854022 
0.327959 -0.554456 -0.145363 
0.988388 -0.062636 -0.134964 
0.102554 -0.0523909 0.163235 
-0.0746921 -0.429941 -0.22741 
0.191494 -0.404192 -0.104815 
-0.0887126 -0.0804036 0.280819 
0.000602411 -0.160718 0.215563 
0.0729482 -0.367811 -0.147389 
-0.300103 -0.0493083 -0.113515 
-0.216692 -0.00517146 0.090486 
-0.207076 0.129995 0.0428184 
-0.43895 -0.0480576 -0.151867 
-0.149314 0.0245743 0.303171 
0.0688281 -0.201481 0.0867013 
-0.141351 -0.193198 -0.125164 
0.0503244 -0.441525 -0.250698 
-0.685956 -0.306882 0.177997 
0.10577 0.161307 0.646934 
0.695311 0.705413 -0.440409 
-0.726084 -0.279144 -0.315593 
0.247325 -0.346558 -0.0672051 
-0.166598 0.806061 0.323812 
0.350604 -0.0207857 -0.050193 
0.01167 0.0871401 -0.0222146 
0.386919 -0.267288 -0.168709 
0.0995362 -0.105239 0.446609 
0.187283 0.168979 -0.111832 
-0.0634698 0.119147 -0.146094 
0.184791 0.0595471 0.0946413 
0.149144 -0.118234 -0.259828 
0.421432 -0.45463 -0.0674249 
-0.203574 0.604163 0.164704 
0.355226 0.556102 0.599549 
0.450563 0.100363 -0.21884 
-0.391292 -0.173404 -0.0352972 
-0.803008 0.128267 -0.0807938 
0.342316 0.171118 0.421186 
-0.199237 -0.0285386 0.116539 
0.180897 0.32615 -0.0839648 
0.0230458 0.31404 0.0171226 
-0.14416 -0.0905839 -0.347089 
-0.251605 -0.565646 0.0569623 
-0.211496 0.202635 -0.485477 
-0.310489 -0.0303581 -0.203667 
-0.0726534 0.134553 -0.479351 
0.225732 -0.0118812 0.0893145 
-0.0674667 -0.302333 0.246613 
-0.582673 0.580187 -0.226585 
-0.159229 -0.156398 0.119965 
-0.066617 0.0863283 -0.154312 
-0.0865888 -0.0330233 -0.388489 
-0.496946 -0.0406475 0.208291 
-0.406577 -0.2386 0.109271 
0.153719 0.262715 -0.110457 
0.0840618 0.134426 0.263771 
-0.298011 0.0179697 -0.103833 
-0.370792 0.309152 -0.172946 
0.0338549 -0.0999565 0.0518846 
-0.014918 -0.281386 -0.0293466 
-0.197383 -0.240373 -0.043073 
0.0685711 0.110529 -0.0200681 
-0.463565 0.172659 -0.363574 
0.0951925 0.176747 -0.256364 
0.0247294 0.492184 -0.154157 
0.0457097 0.744794 -0.570921 
0.111812 0.222393 -0.320938 
-0.00433646 1.05339 -0.0896044 
0.405463 0.681333 0.301042 
-0.131041 -0.27868 -0.0741169 
0.277761 -0.344784 0.647696 
-0.0372435 -0.0364689 -0.0889903 
-0.125995 -0.175569 -0.0836994 
-0.489364 0.188324 0.337509 
0.548273 0.4931 -0.0752486 
-0.0875248 -0.225994 0.203001 
0.29337 0.104926 -0.361114 
-0.112492 0.130668 -0.1513 
-0.289038 0.167478 -0.0894394 
0.00113303 0.14821 -0.294655 
0.043513 0.447499 0.187489 
0.520727 -0.330528 0.460397 
0.200776 0.0385361 -0.604131 
0.37228 0.209174 -0.303376 
-0.265443 0.703111 -0.501681 
-0.31291 0.306521 -0.024383 
0.081369 -0.0210266 0.154738 
-0.322228 0.314947 -0.435349 
0.298942 0.296537 -0.556319 
0.039323 0.205925 -0.330929 
-0.0519146 0.0270601 0.216634 
0.0360257 0.192649 0.0130235 
0.0550994 -0.269827 -0.263739 
-0.0495183 0.260306 -0.147012 
-0.186106 0.233627 0.331459 
0.698818 0.133195 -0.739122 
0.416224 -0.720067 -0.097956 
0.224505 -0.596884 0.342541 
0.379595 0.197871 0.171461 
-0.524052 0.556179 0.293082 
0.389383 -0.485355 0.16228 
0.195653 -0.578267 0.449941 
0.529688 -0.122641 -0.0923665 
-0.149296 0.0410504 0.0268265 
0.169534 0.461346 0.0882385 
-0.379106 0.229376 -0.0526708 
-0.158889 -0.150244 0.0243948 
0.272396 -0.112787 0.0267717 
0.103855 0.107743 -0.232964 
-0.317974 0.189505 -0.148764 
0.166395 -0.338438 -0.439511 
0.386879 -0.212241 -0.00828602 
0.283486 0.000537012 0.114626 
0.301734 -0.0644665 0.633484 
-0.513919 -0.203928 0.161755 
-0.146225 -0.55035 0.32669 
-0.593601 0.507677 0.203344 
0.290502 -0.560055 0.255164 
-0.127525 0.030808 0.287774 
0.0205884 -0.0310596 -0.0765733 
0.220929 0.185561 0.134855 
-0.213036 0.266424 -0.15202 
0.424497 0.0763305 0.156345 
0.140012 -0.261498 0.117448 
-0.185515 0.285852 -0.132128 
0.29007 -0.00102419 -0.171429 
0.438005 -0.161405 -0.134974 
0.541419 0.0729518 -0.581219 
-0.0855064 -0.0355358 -0.282807 
-0.117247 0.00308232 0.264535 
0.258279 0.281052 0.221556 
-0.388208 -0.273711 0.0355101 
-0.072477 -0.362346 -0.793163 
-0.236236 0.122958 0.512785 
-0.310417 -0.363824 -0.256701 
-0.210031 0.479466 0.0166379 
-0.130759 0.0898819 -0.313419 
0.00329931 -0.0579207 -0.204772 
-0.055658 0.092176 -0.0397495 
0.0982661 -0.0874488 0.0605224 
-0.0261034 0.0669248 0.22869 
-0.107232 -0.00379238 -0.0272657 
-0.00339223 -0.169804 -0.300619 
0.481239 -0.330008 0.0609587 
1.21039 0.261361 0.257685 
-0.131122 0.32623 0.402066 
-0.382476 -0.22061 -0.347049 
-0.952565 -0.391476 0.186657 
-0.301822 0.123947 -0.0954132 
-0.227789 0.367106 0.266062 
-0.129277 0.0759487 0.0617754 
-0.00820939 -0.417962 0.0831865 
-0.0209471 0.0142643 0.178805 
0.399341 0.0569136 0.186023 
-0.134616 -0.115867 0.280255 
0.197696 0.161806 -0.237512 
0.320379 -0.215558 0.0515486 
-0.057945 0.244697 0.292043 
-0.0913144 0.465244 -0.23996 
0.155858 -0.237381 -0.586001 
-0.129071 0.00446513 -0.0210755 
0.442783 0.0499088 -0.192422 
0.288178 -0.43796 -0.396444 
0.109044 0.295374 -0.811724 
-0.452119 0.743063 -0.424489 
-0.645823 0.043578 -0.845912 
-0.376653 0.405981 -0.451568 
-0.125354 -0.0273772 -0.151393 
-0.159487 0.0496443 0.00185856 
0.2121 0.0742697 -0.034974 
0.187523 -0.186735 -0.30015 
-0.0966024 -0.116867 -0.190356 
-0.458775 0.434095 0.380838 
-0.0558427 0.123796 0.430117 
0.20433 0.16869 0.252597 
0.441774 0.375701 0.0377214 
0.173986 0.326403 0.0793583 
0.530643 0.660135 0.179521 
-0.0438869 -0.388129 0.153475 
-0.52893 0.151358 0.301512 
0.134376 -0.088712 -0.173054 
-0.300083 -0.156742 0.00787612 
-0.286125 -0.453165 -0.105716 
-0.105482 -0.137377 -0.319069 
-0.647381 0.440587 -0.275447 
0.168489 0.196689 0.146395 
-0.130505 -0.120305 0.106937 
-0.290244 0.0435548 -0.193504 
-0.310758 -0.138647 -0.195396 
-0.324371 -0.120386 -0.025582 
-0.381693 0.104854 -0.265681 
0.145078 0.210899 -0.625767 
-0.356566 -0.278402 0.493279 
0.175124 0.108784 -0.625464 
0.268123 0.512583 -0.175172 
-0.0414875 -0.128212 0.553899 
0.158759 0.213664 -0.047862 
0.00250505 0.611599 0.691346 
0.288922 0.346428 0.0098724 
0.466157 0.00589385 -0.0272129 
-0.302687 0.0196613 0.151147 
0.168732 0.281711 0.232171 
-0.0847669 0.574084 0.163409 
0.0162314 -0.531167 0.099157 
0.0799405 0.0225059 0.104011 
-0.149395 -0.398599 -0.225162 
0.445367 0.0892346 0.0486711 
-0.0268683 -0.0352975 0.191813 
0.0314832 -0.235936 0.258609 
0.479427 -0.00546781 -0.334752 
0.139611 -0.326692 -0.330458 
-0.167879 -0.79188 0.352906 
0.205804 0.348195 0.0740722 
-0.173351 0.369875 -0.505835 
0.182071 -0.211988 0.496251 
0.477191 -0.110954 0.402496 
0.0710706 0.108433 0.0884612 
-0.164526 -0.414404 0.0358416 
-0.352233 -0.185475 -0.290831 
-0.0530247 0.159438 0.358706 
-0.194222 -0.225212 0.191517 
-0.118238 -0.189636 0.10091 
0.00941091 0.0749286 -0.00686369 
0.756353 -0.631935 0.376459 
0.509256 0.292414 -0.402686 
0.366529 -0.407765 0.0500233 
-0.236651 -0.234115 -0.125369 
0.222688 0.0140445 -0.241389 
-0.140416 -0.356507 0.292688 
0.0485052 -0.910608 -0.344726 
0.795381 -0.228421 0.586993 
-0.060331 0.0133053 0.106452 
0.0734322 0.0108909 0.084837 
-0.23738 -0.55262 0.239825 
-0.048466 -0.0495152 0.229929 
-0.151092 0.277394 -0.219995 
-0.0293902 0.221669 0.0212856 
0.126342 0.216455 -0.0416414 
0.0516535 -0.163678 0.00365032 
0.370957 0.569253 0.0908915 
-0.513909 -0.544613 0.415651 
0.031709 0.158168 -0.00379256 
-0.439946 -0.126052 0.0874531 
-0.628093 0.883071 -0.355987 
-0.0041823 0.137365 -0.440984 
0.0669625 -0.625103 -0.259954 
-0.195494 0.0941846 0.176088 
0.00602799 -0.0753992 -0.236468 
0.0632056 -0.381415 -0.0926373 
0.285424 0.115126 -0.323656 
0.162796 -0.518575 0.167868 
0.095563 -0.157828 -0.396887 
0.354385 -0.1639 0.431004 
0.057172 -0.0645176 -0.0805799 
-0.0685789 0.0727049 0.108959 
-0.420015 -0.516192 -0.425235 
0.0584031 -0.142179 -0.0597121 
0.118275 -0.114643 0.463401 
-0.0234926 -0.735841 -0.252453 
0.0328346 -0.0462618 -0.328973 
-0.438105 0.169515 0.200182 
0.128152 -0.477743 0.217391 
-0.43618 -0.0481139 -0.221652 
0.084096 -0.036612 -0.031159 
-0.0374204 0.0577239 -0.281367 
-0.116213 0.219105 0.060472 
-0.185882 0.2076 -0.140206 
-0.0156527 0.0497693 -0.330983 
0.0388612 0.230787 0.0361485 
-0.0718415 0.766347 -0.243901 
0.23308 0.131094 -0.150103 
0.0880652 0.0371459 0.494566 
-0.604426 -0.594761 0.387936 
0.0769587 0.22051 0.24571 
-0.294965 0.0104541 0.137681 
0.312031 0.901331 0.339983 
-0.347319 -0.231435 0.143451 
-0.373374 -0.0320084 0.765914 
0.119931 0.239859 -0.0656014 
0.365096 -0.0328933 -0.0343876 
0.378801 0.158032 -0.0296736 
-0.0785242 -0.00596002 -0.120346 
-0.169735 -0.195409 0.3342 
-0.044779 0.325876 -0.201156 
0.267732 0.0557971 0.117237 
0.338342 -0.144666 0.185651 
-0.589017 -0.0906944 0.0767594 
0.296078 -0.287606 0.0394869 
0.339865 -0.00646164 -0.411505 
-0.163942 0.0099814 -0.0616462 
1.0025 -0.407208 -0.169708 
0.241466 0.479738 0.246547 
0.578037 -0.18074 -0.0802201 
0.69189 0.708483 0.697013 
-0.0487705 0.100431 -0.134009 
-0.141972 0.014935 -0.145771 
-0.2732 0.0447979 0.0344138 
-0.148037 -0.0530337 -0.549411 
0.157407 -0.0919902 -0.0673648 
0.197559 0.107162 0.601511 
0.15477 0.113344 0.0304717 
0.0712272 -0.231553 0.308594 
-0.0964123 0.0839661 -0.112568 
-0.107832 0.71441 -0.847143 
0.536805 -0.221264 -0.415667 
0.785613 -0.164263 0.0333766 
-0.453627 -0.035593 -0.679363 
0.240274 -0.372597 0.0929634 
0.283728 0.442411 0.189318 
-0.227437 -0.282435 -0.0601942 
-0.0576506 0.0474525 0.539503 
-0.264614 -0.21898 -0.242091 
-0.23869 -0.327648 -0.170604 
0.239687 0.16483 -0.0690381 
0.170882 0.197868 0.025507 
0.144023 0.338994 0.0569242 
-0.195937 0.242513 0.149566 
0.0473859 -0.0351078 0.449103 
-0.244116 -0.026854 0.4331 
0.0345702 -0.246516 0.409506 
0.262987 -0.225703 0.153568 
0.0698422 -0.195107 -0.311668 
-0.807171 0.0246444 0.625194 
0.28559 -0.693964 0.325118 
0.0290129 0.478656 0.0157985 
0.378752 -0.187079 0.093631 
0.415145 0.34326 -0.0714281 
0.472741 0.0893143 0.471301 
-0.0841412 -0.0870458 -0.25667 
-0.0334057 0.282643 0.336027 
-0.306855 0.188047 0.239077 
-0.00267249 -0.211909 -0.219842 
-0.132659 -0.226537 -0.0637098 
-0.297636 0.173011 -0.0941964 
-0.0585689 0.312154 -0.18375 
0.220732 0.207561 0.138576 
-0.0932149 -0.467592 0.67289 
-0.214855 0.0923557 0.284758 
0.389966 -0.403412 0.692309 
-0.358329 -0.580633 -0.193896 
0.469992 -0.078241 0.338331 
-0.0364017 0.236764 -0.286053 
0.35419 -0.503422 -0.172546 
-0.00265344 0.209018 0.107722 
-0.0106966 -0.503212 -0.0492446 
0.142335 -0.00852222 0.22704 
0.15448 0.18365 -0.0287774 
-0.148724 0.250725 -0.282158 
-0.116714 0.631474 0.236907 
-0.0867352 -0.632704 0.0616177 
-0.317735 0.292516 -0.0131999 
-0.332419 -0.390039 -0.243658 
-0.27741 0.151064 -0.225014 
-0.00944785 0.263363 0.370049 
-0.276497 -0.237083 0.358245 
-0.517193 0.419996 0.03436 
-0.0109814 0.608336 0.201293 
-0.480516 -0.246422 0.487527 
0.190719 -0.547756 0.108401 
0.151078 0.0583949 0.0766195 
-0.0339776 -0.35571 -0.272045 
-0.223241 0.410678 0.273734 
0.21429 -0.194911 -0.0580909 
-0.240528 -0.20737 0.100919 
0.389333 -0.433578 -0.360182 
0.381432 0.292379 -0.0654035 
-0.129217 0.394522 -0.152501 
0.194803 -0.271611 0.679331 
0.283726 -0.132785 -0.522905 
0.212512 0.501305 -0.09117 
-0.144027 0.480034 0.406201 
-0.329826 0.452809 0.104979 
0.189183 -0.533395 0.0380783 
-0.319166 -0.203391 0.561955 
0.128846 -0.0819972 -0.296298 
0.359705 -0.21571 -0.00655055 
0.148925 0.453523 -0.109258 
-0.163011 -0.241038 0.02096 
0.527841 -0.0570189 0.138279 
0.047147 0.00437711 -0.0299003 
-0.141959 -0.0783289 0.446433 
-0.141671 -0.0787983 0.0602482 
0.0786697 -0.232016 0.14575 
0.324043 -0.170132 -0.436587 
-0.275423 0.0724292 -0.15524 
0.385709 -0.105782 0.577133 
0.0722333 -0.305179 0.0201272 
0.679693 -0.33446 0.0907531 
0.25886 -0.312442 -0.300912 
-0.130165 -0.416664 -0.223631 
-0.38981 0.633062 -0.217097 
0.215674 -0.152266 -0.451555 
-0.154259 0.341169 0.0494478 
-0.0512998 0.161141 -0.0820799 
0.136218 -0.00743416 -0.19859 
0.0978803 0.0311581 -0.107754 
0.133541 -0.109657 0.187222 
-0.0576763 -0.0742269 0.186733 
-0.44614 0.129982 -0.066589 
0.258697 0.100137 0.113062 
-0.42293 0.278735 0.16036 
0.324986 0.794666 -0.603471 
-0.235997 -0.324324 0.620357 
0.571139 -0.805762 -0.288025 
0.469703 0.190018 0.0824908 
0.346977 -0.0987582 -0.0802958 
-0.0961975 0.508761 0.181903 
0.0422503 -0.111186 0.243401 
0.0624715 0.173953 -0.314253 
-0.257372 -0.105424 -0.00388734 
0.127866 -0.0940995 -0.0812622 
-0.075651 0.349258 0.373187 
0.473944 0.160226 0.273935 
0.323796 0.107507 0.362911 
0.0345539 -0.127051 -0.240367 
0.266162 0.215523 0.345327 
-0.829562 -0.0568286 0.566801 
0.370816 0.347363 0.908636 
-0.674246 -0.171015 -0.397869 
-0.413485 -0.835274 -0.725524 
0.150231 -0.222482 0.13438 
0.341684 0.425372 0.220885 
0.0061522 0.232629 0.0575703 
0.431634 -0.0979724 0.266811 
-0.299561 0.205074 -0.338908 
-0.359057 0.032358 -0.263605 
-0.478623 0.354194 -0.0458646 
0.181488 -0.248243 -0.379323 
-0.358054 -0.237278 -0.223446 
0.200945 -0.40803 -0.0335387 
-0.270703 -0.298208 -0.0750779 
-0.681994 -0.136624 0.719263 
0.420274 -0.637309 -0.630106 
-0.424433 0.267693 0.556551 
-0.192954 -0.550542 -0.661696 
0.508462 0.269662 -0.0256754 
-0.342489 -0.731025 -0.374184 
0.194744 0.514323 0.370243 
0.10595 -0.29226 0.457637 
0.204671 -0.237344 -0.214162 
0.313742 -0.165804 -0.568126 
0.476216 -0.337976 0.026542 
0.522003 -0.293714 -0.155045 
-0.2221 -0.0711924 -0.134605 
-0.146253 0.146535 0.00877517 
-0.089034 0.0558885 0.0251482 
-0.429362 -0.212048 -0.294383 
-0.488067 0.0068345 0.0406027 
-0.461276 -0.428163 -0.157514 
-0.312415 -0.0769986 -0.0819642 
0.119263 0.921701 -0.320408 
-0.16574 0.149813 0.0946555 
0.141157 -0.228174 0.460594 
0.380621 0.553687 0.244718 
0.437448 0.267468 0.217844 
-0.167961 0.341408 -0.0283514 
-0.278503 -0.260091 -0.116256 
0.0671294 0.2211 0.233365 
0.0128141 -0.208289 -0.47593 
0.0972475 -0.164027 0.161971 
-0.168603 -0.22519 -0.122086 
-0.226168 0.116803 -0.225839 
-0.0472461 -0.420061 0.0676678 
0.00290872 -0.320527 -0.677264 
0.611119 0.00773459 -1.66509 
0.254577 0.794283 0.226714 
-0.189907 0.0896186 0.154012 
0.71226 -0.121048 0.443558 
0.00346286 -0.0807001 0.128892 
0.700267 -0.519665 -0.114871 
0.154547 -0.33596 0.174271 
-0.135255 -0.0157264 -0.161841 
-0.102423 -0.257054 0.0589646 
-0.128502 -0.295112 0.0448691 
-0.282429 0.0628482 0.0134289 
-0.241776 0.311714 -0.0583082 
0.0790026 -0.00122163 -0.194149 
-0.253632 0.171698 0.204004 
-0.00218583 0.312114 -0.0267877 
-0.0607766 0.14369 -0.345241 
0.634481 0.0443342 0.174127 
0.757563 -0.0317603 -0.146669 
-0.650777 0.810055 0.00934561 
0.284172 0.198794 0.20985 
0.251279 -0.123947 0.0270698 
-0.0348206 -0.130674 -0.0434068 
0.0585242 -0.539186 0.062188 
-0.385044 0.0330623 0.0380542 
0.0358128 0.409359 0.0149853 
-0.155976 0.36631 -0.356478 
0.0555485 0.285156 0.266139 
0.118972 -0.427597 -0.0531541 
0.674642 -0.115414 0.309047 
-0.0712016 0.442348 -0.309974 
0.19286 0.243193 0.0193115 
0.53388 0.0111051 0.345673 
0.438883 -0.0729481 -0.504959 
-0.711386 0.422161 -0.147635 
0.981951 0.0858411 0.26332 
-0.410186 -0.0440395 -0.00311153 
-0.492728 -0.551068 -0.777211 
0.221207 0.524417 0.904902 
0.0648993 0.271077 -0.0249244 
0.0656957 0.0366517 -0.123736 
0.0363798 0.0562403 -0.595086 
0.0216626 -0.00622757 0.123043 
-0.191946 -0.551545 0.44146 
0.517955 0.0980143 -0.236563 
0.102122 -0.011053 0.105323 
-0.366567 0.144799 0.0962287 
-0.190433 -0.0364402 0.201617 
-0.156472 -0.851306 0.24942 
-0.648499 -0.615373 -0.331045 
-0.294486 -0.216336 0.316511 
-0.14079 0.461212 0.227026 
0.289631 0.0201599 -0.364611 
-0.866635 -0.261206 0.0666798 
-0.64553 -0.095508 0.217874 
-0.727018 0.153149 -0.128089 
-0.253182 -0.492326 0.052523 
0.411286 0.211773 0.0673773 
0.126747 -0.0863513 0.0538325 
-0.150334 -0.135855 0.10444 
0.0804772 -0.0980751 0.0206498 
-0.233712 -0.078881 0.13739 
-0.105018 -0.0214244 -0.194233 
0.0727727 0.0797353 0.387175 
0.135779 0.184494 -0.354759 
0.514519 -0.0699919 -0.469315 
0.0228188 0.305958 -0.233685 
0.179825 0.527953 0.129298 
0.0694566 0.140765 -0.637356 
-0.688476 -0.0992151 0.172292 
-0.490942 0.0165452 0.268142 
-0.572357 -0.570808 0.216315 
0.19938 -0.0970521 0.0351849 
-0.421878 0.0801932 -0.196378 
-0.133059 -0.301371 0.546607 
-0.157605 -0.299898 -0.208893 
0.085016 0.279071 -0.156645 
-0.147163 -0.0891635 -0.380298 
0.233217 0.447542 -0.158957 
-0.164446 0.47604 -0.009046 
0.500266 0.302681 0.403487 
0.446948 -0.751778 -0.144144 
-0.0736634 0.182026 -0.134892 
0.0986318 0.6995 -0.276652 
-0.207289 0.64128 -0.0843046 
-0.0910757 -0.471336 -0.566071 
0.409351 -0.585374 0.721685 
0.298466 -0.216816 -0.0589102 
0.149178 -0.0340328 -0.183632 
0.193434 -0.108774 0.170049 
0.231882 -0.497146 0.30384 
0.0123841 0.349114 0.237712 
0.0196685 -0.204209 0.0949532 
0.270601 0.140656 -0.185309 
-0.0831287 -0.451105 0.221987 
0.303977 -0.340867 0.0479767 
0.36213 -0.101723 0.388032 
0.351466 0.0302149 0.250913 
-0.047455 0.698689 0.703327 
-0.438207 0.47154 0.286928 
-0.425129 0.419879 0.153736 
-0.275278 -0.145811 -0.0887684 
-0.554526 -0.22279 -0.283829 
-0.270349 -0.388423 0.160977 
-0.141616 0.190997 0.0947147 
-0.242429 0.105108 -0.31626 
-0.515749 0.420206 -0.191102 
-0.130148 -0.268289 -0.260563 
0.439731 0.929065 0.250075 
0.031581 -0.120073 -0.0314875 
0.0603556 -0.519288 -0.486823 
0.454234 0.323889 0.078555 
-0.540769 -0.0733978 -0.04646 
-0.998764 0.284853 -0.039319 
-0.0752005 0.307193 -0.413443 
0.0986959 -0.334005 0.424877 
0.247554 -0.617876 -1.00113 
0.292961 0.719868 0.278277 
0.635783 0.023448 -0.252576 
-0.726054 -0.573184 -0.511119 
-0.25589 -0.298124 -0.450448 
0.245818 -0.0800099 -0.46417 
-0.0694167 -0.0263619 0.346339 
-0.154079 -0.220218 0.428675 
-0.114085 -0.164552 -0.113512 
0.061098 -0.0845726 0.0612955 
-0.357093 -0.375027 -0.349649 
-0.433066 0.15084 0.23508 
-0.116301 0.00473795 -0.377898 
0.0943522 0.104972 0.552881 
-0.0377762 -1.07807 -0.0290768 
-0.224504 0.185669 -0.154458 
-0.740436 -0.0693065 0.237269 
-0.0256254 0.0731944 -0.509952 
-0.262697 -0.0141403 -0.208198 
0.0694758 -0.113596 -0.0889829 
-0.0212331 -0.0547739 -0.0321661 
0.131491 -0.391102 0.0805298 
0.0271182 0.155517 0.417431 
-0.390538 0.398774 0.138224 
0.100954 0.238199 -0.240017 
0.197841 0.1778 0.112272 
0.297835 0.0687121 0.448556 
-0.279802 0.329368 -0.321049 
-0.762123 0.544805 0.538208 
-1.04997 0.0532162 -0.381601 
-0.0994437 0.236537 0.328527 
0.761302 0.39608 0.342461 
-0.149815 0.416032 -0.3742 
-0.482293 -0.329293 -0.116911 
0.616398 0.470572 -0.316295 
-0.259415 0.0548287 0.333521 
0.493545 -0.0832428 0.287362 
0.168664 -0.02736 0.0739196 
0.763257 -0.151522 0.290864 
-0.373415 0.109548 0.264207 
-0.129499 -0.215081 -0.119517 
0.328378 -0.282787 -0.128738 
0.164124 -0.0195873 0.337105 
-0.173355 -0.382538 -0.158255 
-0.11585 0.823233 -0.936092 
-0.21266 0.264683 -0.199839 
-0.586565 0.383693 0.637992 
0.684121 -0.25734 -0.182171 
0.509897 0.488903 -0.487858 
0.360826 -0.217971 0.126253 
-1.02801 -0.213568 -0.225222 
0.912884 0.0482465 0.300707 
-0.0145267 -0.172955 -0.378681 
0.0364217 -0.168813 -0.160417 
0.117472 0.0855197 -0.15394 
0.0141824 0.105078 -0.212218 
-0.141842 -0.498355 0.177252 
0.236786 0.0583878 0.406898 
0.143166 -0.185148 -0.0778206 
-0.462729 0.245245 -0.0848389 
0.0229051 -0.924513 0.595679 
0.453512 -0.477619 0.613421 
0.557588 0.312395 -0.0268203 
-0.216739 0.742948 -0.153001 
-0.392457 0.389083 -0.288317 
-0.477796 -0.374647 -0.72981 
-0.303631 -0.23942 -0.790429 
-0.349821 -0.346792 0.00667556 
0.0328646 0.0513088 -0.453118 
0.119529 -0.247929 0.0187066 
0.0145321 -0.0370231 0.165985 
-0.0353226 -0.0534816 0.304521 
0.148814 -0.0690802 0.0223699 
-0.58032 -0.0205847 -0.22439 
0.115154 0.111721 -0.34729 
0.0407992 0.24514 0.156731 
-0.0663486 -0.297369 0.000571862 
-0.0118933 -0.101017 -0.00457655 
0.171339 -0.021921 -0.087155 
0.227625 0.0420778 -0.151714 
-0.0799063 0.53026 -0.407099 
-0.188295 -0.351134 -0.903243 
-0.241644 -0.468637 0.673363 
-0.249102 -0.115679 -0.485523 
0.0465953 0.562621 0.057242 
0.180441 0.158961 -0.212437 
-0.239981 0.0818644 0.0050063 
-0.120359 0.388619 -0.139527 
0.325672 -0.118123 0.39285 
-0.386993 -0.261459 0.198163 
-0.445793 0.312097 0.00352102 
-0.180893 -0.325344 -0.374631 
0.463671 -0.298201 -0.310523 
0.0417402 -0.195653 0.565848 
-0.462893 -0.0879874 -0.590023 
-0.110553 -0.520921 0.191486 
-0.255321 -0.0529038 -0.0800863 
-0.711623 -0.0741002 0.0860827 
0.627429 -0.221342 -0.562783 
0.15493 1.07616 -0.201182 
-0.0116167 0.0978221 -0.172366 
0.209844 -0.0406213 -0.655761 
0.594015 0.182199 0.00579754 
0.317984 -0.027453 0.33465 
-0.0226118 -0.232457 -0.0543737 
-0.487853 0.0308098 -0.191193 
0.215157 0.0250618 -0.0148698 
-0.20863 0.0880549 0.121403 
-0.523199 0.00794564 -0.27807 
0.29425 -0.24994 -0.176224 
-0.0286127 0.0609879 -0.274675 
0.62176 0.837881 -0.392025 
-0.720524 -0.194462 0.273461 
0.255251 -0.262411 0.0707597 
0.58433 -0.0659659 -0.287732 
0.434465 -0.289126 -0.126925 
0.41575 0.0499974 0.098166 
0.0992382 -0.0223148 0.000309351 
0.198566 0.0657093 -0.226863 
-0.0905303 0.208104 0.320011 
-0.300988 0.0162819 0.55092 
0.364216 0.292361 -0.167346 
0.0445693 0.217291 -0.0376175 
-0.0663661 -0.00628498 -0.115927 
-0.0514184 -0.457675 -0.162267 
0.0241753 -0.106797 0.210223 
0.142704 -0.0466634 0.00802845 
0.345893 -0.0651015 -0.00675015 
0.65964 0.551305 0.58779 
-0.901696 0.675092 -0.0797743 
-0.330352 -0.32048 0.306363 
-0.447027 0.444038 -0.0835316 
-0.0264782 -0.0100778 0.0447933 
-0.309758 -0.0444232 0.00515705 
-0.47026 0.227385 -0.343592 
-0.377993 -0.0714489 -0.000989536 
-0.143569 -0.0620477 -0.0364582 
-0.0437544 -0.0718554 -0.317285 
0.306617 0.124284 -0.0938725 
0.145093 0.25288 -0.160578 
0.180045 0.167474 0.0667971 
-0.0263847 -0.298883 0.0939771 
0.375767 -0.686258 -0.254224 
0.299125 0.157332 -0.276027 
-0.566273 -0.41521 -0.109398 
0.266974 -0.108507 -0.461004 
-0.0247827 -0.210263 -0.412191 
-0.223064 0.122022 0.00790146 
0.128382 -0.19455 0.298665 
0.0495619 -0.00807331 -0.154503 
0.0153971 0.0476173 -0.0475334 
-0.292988 -0.549044 -0.0750419 
-0.0759404 -0.115753 0.0878414 
0.317729 0.0122662 -0.600966 
0.0120486 -0.391992 -0.0607623 
-0.0449496 -0.0210999 0.189306 
-0.0301151 -0.0522689 0.0920316 
0.267952 0.303521 -0.0181203 
0.00561793 0.546615 -0.125106 
0.697206 -0.446514 -0.261894 
-0.145643 0.162228 0.149982 
0.483099 0.494786 0.0416605 
-0.239277 0.223806 -0.0262989 
-0.395879 -0.307296 -0.43761 
-0.229472 0.0499372 0.171994 
0.163642 0.241296 -0.275574 
0.0515754 -0.0159289 -0.0330262 
-0.0273951 -0.151946 0.203872 
-0.226437 -0.091 -0.455655 
0.453321 0.187632 0.113069 
0.000373949 0.300875 0.0416223 
0.174444 0.188765 -0.551405 
-0.62868 0.545652 0.15731 
0.156608 -0.139055 0.254561 
0.258497 -0.677257 -0.0396451 
1.0366 0.878904 -0.0260652 
-0.118801 -0.496641 0.232705 
-0.393633 -0.504851 -0.644815 
-0.530432 0.436008 -0.185123 
0.0123303 0.797221 -0.234275 
-0.213053 0.376365 -0.30143 
-0.117842 0.397076 -0.125085 
-0.0282619 -0.14643 -0.0318748 
0.0063571 -0.436676 0.372034 
0.104505 0.347442 0.0387206 
-0.00863819 0.0572746 0.113577 
0.12529 0.417799 -0.0184094 
-0.437923 -0.168657 0.101205 
-0.51952 -0.581461 -0.137594 
0.0390589 0.352851 0.345469 
-0.1037 -0.428743 0.494656 
0.493027 -0.502853 -0.210215 
0.11821 -0.451276 -0.381253 
0.121559 0.182666 -0.643619 
-0.467112 -0.191797 -0.183691 
-0.0316416 0.135234 -0.248962 
-0.241559 -0.394221 -0.183019 
-0.0408746 0.389704 0.325878 
0.640335 -0.194572 0.120104 
-0.33346 -0.0398603 0.257224 
0.0288848 0.0416221 0.0989056 
0.340976 -0.00629719 -0.000212965 
0.179208 -0.157601 -0.11438 
-0.188692 0.0214586 0.00859901 
-0.361764 0.221569 0.173563 
0.297301 -0.312316 0.609839 
-0.792262 -0.179378 0.316895 
-0.0186192 0.135543 1.30048 
0.476279 -0.124935 -0.0728028 
-0.161684 -0.413225 -0.322892 
0.670414 -0.201546 0.536579 
0.278087 -0.117381 0.460778 
-0.218535 0.213695 0.252149 
0.14255 0.0564096 -0.0167099 
-0.268717 -0.182747 0.0269805 
-0.211744 -0.259965 -0.0243435 
0.349295 -0.154047 -0.215516 
-0.126675 -0.286078 0.0642713 
-0.0844309 0.248105 0.371932 
-0.650825 -0.0845083 0.0321705 
-0.0102759 0.259898 0.479638 
0.351078 0.527153 -0.140759 
-0.909966 -0.336613 0.275911 
-0.00702591 0.45793 0.262313 
-0.0396593 0.0654165 0.1576 
-0.336803 0.519306 -0.119197 
0.0829164 -0.0177141 -0.00999547 
-0.0704029 -0.080888 0.648982 
-0.0467759 0.128606 -0.201697 
-0.170207 0.404398 -0.397157 
-0.158457 0.0486284 -0.0901511 
-0.354795 -0.0365818 0.189624 
-0.0253587 -0.262442 0.138499 
0.0902428 0.244337 -0.255605 
-0.110166 0.359785 -0.0314949 
0.0931375 -0.344066 0.482601 
0.34658 0.00806961 -0.270308 
0.23132 -0.144441 0.262931 
0.248717 0.143193 0.19473 
0.154568 -0.805204 -0.215885 
-0.0513665 0.914665 0.503979 
0.252208 0.221287 0.159806 
-0.15358 -0.174669 0.195215 
-0.718694 -0.530328 -0.742215 
-0.107419 -0.278869 -0.0060791 
-0.465566 -0.105573 0.0694241 
-0.471967 0.212824 -0.0429438 
-0.20479 -0.208885 -0.59182 
-0.473922 0.196187 -0.317084 
-0.0566148 0.141731 -0.338522 
-0.0830414 0.195462 0.0845973 
-0.0223137 -0.0610858 -0.30235 
0.00561116 -0.413472 -0.32942 
-1.01197 0.331828 0.0302178 
-0.660433 -0.512559 0.353531 
0.116178 0.134301 0.392856 
0.0768494 0.616815 -0.462665 
-0.240867 -0.441624 -0.0273367 
-0.718202 -0.522179 1.16543 
0.212847 0.639877 0.261629 
0.169633 0.311378 -0.176309 
-0.256418 -0.0297275 -0.172468 
-0.0249303 0.118829 0.319606 
0.403117 -0.0853945 -0.262005 
-0.347917 0.0561537 -0.177049 
0.0585432 -0.0968892 0.154614 
0.167971 0.281882 -0.330035 
-0.156855 -0.343193 0.169465 
-0.118642 -0.245165 -0.165591 
-0.199187 0.918326 -0.0609559 
0.900045 -0.225754 0.0395862 
-0.00351823 1.1546 -0.645707 
-0.13997 0.162255 -0.38041 
0.367813 0.484714 0.179271 
-0.0656274 0.137768 -0.325609 
0.471937 -0.0879385 0.214083 
0.201207 0.12126 -0.349354 
0.171817 -0.165131 0.492101 
-0.00548538 0.039316 0.0510236 
0.304286 0.146834 0.115034 
0.51329 0.322064 0.24613 
0.59889 -0.17103 -0.0738318 
0.0190592 0.284754 0.288109 
0.0373425 -0.279522 0.324435 
0.243636 -0.0544491 -0.313604 
-0.116322 -0.522337 -0.122089 
0.02483 0.254892 0.898874 
0.147349 -0.0176595 -0.140302 
0.959111 0.0105024 0.269211 
0.17802 -0.537667 0.0249695 
-0.635682 0.643997 -0.929167 
0.803303 0.315985 -0.025217 
0.283568 -0.153402 -0.0726779 
0.0601298 0.215698 0.102913 
0.0845691 0.295051 -0.0410152 
0.17809 0.155324 0.0223952 
0.434739 0.0073095 -0.0634733 
0.0437079 0.205826 0.321871 
-0.138624 -0.391657 -0.390392 
0.269801 0.0262176 0.480423 
0.221713 -0.182426 -0.4334 
0.227571 -0.777123 -0.0600288 
0.281545 0.333815 0.749599 
0.419791 -0.154775 0.598972 
-0.0157636 0.012356 -0.547925 
0.232983 -0.362313 0.411027 
0.0477466 0.570304 -0.571296 
0.464507 0.293753 -0.0250518 
-0.0120659 0.110473 0.0319648 
-0.15164 -0.0951843 -0.168396 
-0.3216 -0.206788 0.0506136 
0.0012633 0.0233519 0.0484728 
0.218388 0.139467 -0.0235764 
-0.543474 0.266124 0.0382776 
0.245335 0.0775783 -0.346496 
0.253409 0.123297 0.194493 
-0.344396 -0.109636 0.00891897 
-1.06884 0.0174185 0.812509 
0.164232 0.68427 -0.0502948 
-0.379887 -0.1451 0.445505 
-0.208505 0.396488 -0.346127 
-0.146491 -0.560813 -0.173443 
0.0210522 0.293757 -0.310521 
0.78333 0.621255 0.330431 
0.0628733 0.387762 -0.257674 
-0.0703568 -0.163942 0.435321 
0.0112811 -0.20899 0.119049 
0.135921 -0.0209916 0.391832 
0.405881 0.0815022 0.193999 
0.0266981 -0.175839 0.0655559 
-0.254162 0.0184546 -0.244217 
-0.142808 -0.241878 -0.516488 
-0.281175 0.556153 0.569482 
-0.389075 0.343848 -0.0112243 
-0.0771124 0.412134 0.194294 
-0.567763 0.182583 -0.561167 
0.0645374 0.254571 -0.462315 
-0.837447 0.422039 0.509772 
0.237384 0.567632 0.410541 
0.0829692 0.138407 -0.384472 
0.208942 -0.253076 -0.337441 
0.0671081 0.0905808 -0.18884 
-0.151708 0.0109139 -0.289446 
-0.00558741 -0.167588 -0.238365 
-0.229282 0.0162557 -0.320968 
-0.0232312 0.0961744 0.138466 
0.339585 -0.0116596 -0.0396061 
-0.000920773 -0.013751 0.125626 
-0.620438 0.105415 0.556174 
1.02211 -0.00224993 -0.0339143 
-0.178415 0.621488 0.763016 
0.0482465 0.34119 -0.273288 
0.629072 0.429398 0.072992 
-0.699576 0.200902 0.316642 
0.17919 -0.0214628 0.127057 
-0.230437 0.314318 -0.0372596 
0.201892 0.333093 -0.202736 
0.0624531 0.144109 -0.328245 
0.00160163 0.0680704 -0.164393 
0.110883 -0.352135 -0.215699 
0.0235086 0.109727 -0.257282 
-0.0317542 0.0981597 -0.260007 
-0.0441404 0.305272 -0.00478939 
0.278127 -0.421731 -0.281143 
0.423484 0.239426 0.510002 
-0.177842 0.0816246 -0.0984892 
-0.178192 -0.414335 0.308965 
0.225642 -0.444122 0.189215 
-0.153471 0.464097 0.360896 
0.161918 0.159767 -0.187 
0.680931 -0.0224825 -0.375458 
0.00143765 -0.56708 -0.398366 
-0.0243231 0.236974 0.0226782 
-0.134169 -0.185159 0.182713 
0.176719 -0.0573454 0.0557085 
0.420502 0.108116 0.401642 
0.101519 -0.272045 -0.0450782 
-0.177227 -0.10557 -0.228058 
-0.224898 -0.210983 0.036865 
0.394803 -0.0284493 0.340117 
0.0796641 -0.0548976 0.770441 
-0.735645 -0.942308 -0.104088 
0.0214194 0.0643087 -0.437475 
0.536948 -0.0367771 -0.276489 
-0.688247 -0.311199 -0.674552 
-0.0921113 -0.212785 0.384444 
-0.356938 -0.355942 0.24812 
-0.148003 -0.133622 0.695116 
-0.283601 0.00352226 0.0940281 
-0.204414 0.170822 0.227639 
-0.443293 -0.168787 0.187374 
0.111569 -0.258704 -0.0246195 
0.301318 0.387159 0.241293 
-0.151839 0.213259 -0.253583 
0.478328 -0.186948 0.08973 
-0.037723 0.177092 0.253308 
-0.61057 0.338934 0.301152 
0.32742 -0.147964 0.0711998 
-0.354085 -0.0308715 0.310369 
0.376219 -0.331628 0.0570572 
0.26538 0.564511 0.24673 
0.103638 -0.122223 0.661906 
-0.16852 0.131775 -0.71953 
0.323308 0.100174 -0.00660869 
0.0554086 0.124831 -0.0401277 
0.126249 -0.0667528 0.340293 
0.290775 -0.0581677 -0.544005 
0.376379 0.228446 0.210455 
0.211308 0.527896 -0.17565 
-0.0851916 0.0864419 0.26917 
0.0151374 -0.288483 0.264159 
0.0456791 -0.27185 0.129579 
-0.28525 0.317453 -0.388974 
0.274583 0.0455004 -0.377969 
-0.497901 -0.218623 -0.00585237 
0.171076 -0.416496 0.637167 
0.785669 -0.0584811 0.0434565 
-0.279995 -0.199361 0.980325 
0.924316 -0.349286 0.226312 
-0.0866034 0.212514 -0.000404395 
-0.00776707 -0.266348 -0.378926 
0.354747 -0.0881887 0.0262992 
0.242423 -0.169903 0.0662727 
-0.330307 -0.42036 0.360457 
0.177523 -0.410379 -0.0921891 
-0.191824 -0.0994763 -0.134736 
0.151823 -0.22958 -0.355448 
0.25995 0.168446 -0.33376 
0.578877 -0.636075 0.251144 
-0.177411 -0.318318 -0.0778023 
-0.43386 -0.612221 -0.570223 
0.305462 0.415944 -0.00391058 
-0.182007 0.764248 0.75914 
-0.180943 0.353933 -0.150128 
0.816847 0.0542533 -0.988672 
0.403098 0.694889 0.179163 
-0.0593895 -0.314873 0.268193 
-0.0173058 0.0279671 -0.206375 
0.144275 0.296982 -0.31463 
-0.084577 0.11362 -0.121369 
-0.202204 0.0262323 -0.0325057 
-0.0374879 -0.084974 -0.0751863 
-0.209519 -0.106193 0.349506 
0.25988 -0.164224 0.0889262 
0.0759853 0.0326835 0.643225 
0.0122245 -0.6652 0.235119 
-0.125325 0.355318 -0.0723161 
0.351814 0.15556 0.0686718 
0.0668495 0.00989002 -0.559625 
-0.556135 0.0738459 0.338195 
-0.024708 0.564516 0.0394338 
0.189325 -0.379173 -0.375467 
-0.000519598 -0.0986356 -0.88016 
0.00683341 0.00641101 0.104388 
-0.148004 -0.258605 -0.163379 
0.152649 -0.0319992 0.126215 
0.0106381 0.0593941 0.0538166 
-0.195558 -0.335427 0.237621 
-0.138495 0.0948142 -0.276749 
-0.0391956 -0.324138 -0.00478063 
0.287948 -0.116833 0.55386 
0.735437 0.23175 -0.073566 
-0.204638 -0.221121 -0.254124 
-0.329867 -0.409049 -0.368292 
-0.106709 0.194465 -0.495934 
0.244857 0.587798 -0.335082 
-0.49862 0.233369 0.0110828 
0.252485 -0.64414 -0.49778 
-0.58982 -0.0676457 0.0699729 
0.0656966 -0.138859 -0.0154363 
0.243893 -0.265369 -0.281246 
-0.0101921 -0.212343 0.00795671 
0.121812 0.291095 -0.0280643 
0.234321 -0.144234 -0.25165 
0.411045 -0.127508 -0.0350418 
0.146802 0.151781 -0.0526363 
0.0938959 0.636228 -0.351662 
-0.416447 0.34891 -0.474879 
-0.13649 0.512911 0.282188 
0.789246 -0.235627 0.0577451 
0.59748 -0.00971387 -0.0664331 
0.679573 -0.134681 -0.355309 
0.753264 0.49513 -0.702976 
0.089536 -0.744128 0.394782 
-0.439249 -0.14642 -0.459855 
-0.289042 0.0953886 -0.07419 
0.158032 0.0171743 0.130051 
0.335488 0.0851604 -0.333683 
-0.174466 -0.0167921 0.0129622 
0.140547 -0.0969296 -0.0250748 
0.0432707 0.193954 -0.203344 
0.162513 0.115727 0.310281 
-0.591938 -0.256908 0.0280672 
-0.662743 0.386253 -0.364686 
0.595186 0.423846 0.355232 
-0.441713 0.132189 -0.36918 
0.0352585 0.127037 -0.0163709 
-0.520807 -0.258977 0.275796 
-0.347621 0.234982 0.434539 
-0.225387 -0.229066 0.0370199 
0.000125313 0.124355 0.214666 
-0.21297 0.296301 -0.421441 
-0.0381601 0.290069 0.051145 
-0.125258 0.510202 0.273136 
-0.484113 -0.699199 -0.0275122 
0.299455 -0.297386 -0.182099 
0.195388 0.149583 0.113576 
-0.176688 -0.0805418 -0.0515753 
-0.522906 -0.588504 1.01712 
-0.395285 0.0690676 -0.624409 
0.197155 -0.579479 -0.185707 
-1.11012 0.589235 0.338058 
-0.601394 0.128697 -0.196802 
0.54447 -0.389921 -0.218311 
0.499512 0.351184 -0.101303 
0.559926 0.528664 -0.411665 
0.445483 -0.0257876 -0.0394479 
-0.33081 0.183004 -0.0881253 
0.334571 0.210094 0.14913 
0.236889 0.0976191 0.142874 
0.0679162 -0.124634 0.135588 
0.285526 0.190333 0.069455 
0.017286 -0.205766 -0.00218058 
-0.506734 0.0616255 0.0248728 
-0.00841962 -0.0311514 0.51029 
-0.0791047 0.289801 0.114395 
-0.143331 -0.0935095 -0.411948 
-0.232889 -0.559463 0.365411 
-0.108395 -0.361594 0.139995 
-0.0348138 -0.205413 0.136259 
0.332568 0.0917612 -0.489531 
0.133312 -0.178626 0.325279 
-0.225114 0.171592 0.029444 
-0.219369 -0.572002 -0.325348 
-0.310372 -0.381955 -0.342387 
0.379614 -0.0917825 0.178393 
0.128534 -0.173066 -0.0975581 
-0.132499 -0.205415 -0.239326 
-0.39391 0.274355 0.122935 
-0.188825 0.0855616 -0.025987 
0.247078 0.0112647 -0.51383 
0.305437 0.320747 0.271418 
-0.208584 -0.0409613 -0.382221 
-0.42146 0.4944 0.391212 
0.0524878 -0.144059 0.278714 
0.590501 0.312659 0.63957 
0.320408 0.58407 0.136003 
-0.795357 -0.0385109 0.336241 
-0.0357265 -0.186507 -0.0378394 
-0.224206 -0.0918068 0.147025 
0.0989092 -0.139891 -0.0922031 
0.237594 0.091287 0.0301412 
0.205945 0.00973464 0.352803 
0.0787525 -0.225202 0.432609 
0.163094 0.0523321 -0.254038 
0.345878 0.114736 -0.424102 
-0.0308639 0.140234 0.178295 
-0.291935 0.317441 -0.0140923 
-0.351895 -0.0467658 0.260325 
0.729127 -0.330957 -0.10506 
0.290018 -0.06898 -0.249519 
-0.445378 0.0546381 0.0746418 
-0.288758 -0.439438 -0.037873 
0.379767 -0.0267556 0.187985 
-0.0877609 0.130603 0.0355658 
-0.484589 -0.0945747 -0.250299 
0.0799503 0.376588 -0.16285 
0.306977 -0.108503 -0.023291 
-0.0123944 -0.114121 -0.00196744 
0.139918 -0.074496 -0.0442838 
-0.0650674 0.0599386 -0.191652 
0.15841 -0.0890786 0.0567814 
-0.0529754 -0.538087 -0.127533 
-0.374285 0.417732 0.352968 
-0.0744592 0.601469 0.155984 
0.427354 0.200639 -0.168534 
-0.0835005 0.124788 -0.812939 
-0.564968 -0.16528 0.169252 
0.0819571 -0.345017 -0.260328 
-0.375621 -0.134421 0.0882205 
-0.225163 -0.0876035 -0.116107 
-0.166939 0.00101844 -0.243778 
-0.459295 0.218213 0.0231873 
0.271125 0.157161 0.079673 
0.288639 -0.0713427 -0.176403 
0.174319 -0.0915411 -0.0538784 
0.228431 -0.137188 -0.0909108 
0.204031 -0.0908494 -0.252193 
0.190341 -0.676051 0.27923 
0.432651 -0.660895 0.159041 
-0.141529 -0.804878 -0.434055 
-0.0872767 -0.186373 -0.0701854 
0.357636 0.00799201 1.00768 
0.0406206 0.294366 0.212727 
0.472361 -0.629359 0.18189 
1.37755 0.321965 0.318753 
0.464695 0.056113 0.363923 
0.10915 0.190905 0.304084 
0.231213 -0.152991 0.466694 
-0.114348 0.188113 -0.339628 
0.392832 0.170866 -0.196687 
-0.135802 -0.18548 0.366171 
0.0584846 0.24502 -0.198868 
0.0461506 -0.173171 0.226466 
0.0289555 -0.688716 0.965661 
0.00590004 -0.244367 0.660737 
0.430582 0.44681 0.831009 
0.153354 -0.149982 0.136393 
0.36129 -0.0486306 0.0169928 
0.0411019 -0.393085 0.113057 
0.0354826 -0.302662 0.288972 
-0.0664502 -0.00675797 -0.364002 
-0.306809 -0.272068 -0.007607 
-0.337977 0.247451 -0.0248916 
0.0788356 0.247169 -0.357543 
0.0874284 0.4008 0.146036 
0.00943428 0.0960337 0.409328 
0.129866 -0.0108273 0.330213 
0.107819 0.137862 0.395155 
0.281575 -0.122333 -0.228036 
0.148392 0.507922 0.464404 
0.378176 0.360653 0.207128 
0.635926 0.386696 0.554121 
0.272014 -0.137593 -0.743482 
-0.134504 0.615769 -0.0556685 
-0.0579159 -0.435526 0.606777 
-0.465257 -0.288059 0.0970385 
-0.795776 -0.280611 0.109983 
-0.0572082 0.227821 0.10975 
-0.126681 0.024978 0.225973 
-0.156874 0.327366 -0.0324643 
0.386029 -0.219785 0.304239 
-0.229466 -0.269865 -0.207102 
0.0187797 0.242592 0.13218 
-0.210292 -0.604113 0.412303 
-0.098231 -0.277964 0.130861 
0.58221 0.0734579 0.332404 
0.208548 -0.550165 0.372923 
-0.418829 0.269627 -0.386352 
0.479341 -0.451535 -0.136484 
0.308922 0.228156 -0.179486 
-0.0891219 -0.0882939 0.179194 
0.599718 0.601208 0.121659 
0.291496 0.24958 -0.0460683 
0.102263 -0.244578 -0.102255 
-0.314314 -0.0420612 -0.168345 
-0.343006 0.241391 0.0608981 
-0.0277727 0.235357 0.133307 
0.0449852 -0.218869 -0.0383053 
0.205074 -0.41493 0.0364687 
0.0230911 -0.0400012 -0.154691 
-0.16968 -0.0580404 -0.148627 
-0.717678 -0.00807749 -0.285763 
0.272573 -0.156281 -0.329634 
-0.0905611 -0.588485 0.0817043 
0.128428 -0.373052 -0.00541095 
0.730539 0.162335 -0.196215 
0.206149 0.436944 -0.0284696 
0.510104 -0.311006 0.0163369 
0.027257 0.206322 0.723393 
0.278193 -0.305856 -0.225151 
0.140809 0.160662 -0.219604 
0.0871763 -0.684952 -0.0499436 
-0.0650581 -0.295327 0.174991 
-0.211304 0.149839 0.102255 
-0.372261 -0.0303025 -0.167299 
-0.0440878 -0.169167 -0.185885 
0.0217596 -0.372802 -0.216149 
0.0348226 0.355994 0.408818 
-0.470685 -0.222003 0.601196 
0.186378 0.55884 -0.297925 
-0.0700891 -0.592989 0.0620655 
0.145877 0.762275 -0.641571 
-0.433665 0.34905 0.407875 
-0.785715 0.292215 -0.659434 
0.0890198 -0.0953151 0.102702 
0.472526 0.184298 -0.0275347 
-0.0768194 0.062688 0.0282531 
-0.012386 0.0625509 0.357453 
0.188213 0.241818 0.103136 
-0.0406395 -0.226824 0.290556 
-0.0862605 -0.202418 0.163825 
0.276758 -0.132693 0.0142211 
0.0227255 -0.0201059 0.136723 
-0.73826 0.132331 -0.0059967 
-0.119117 -0.19494 0.0795809 
0.689063 0.389175 0.464541 
-0.133161 -0.332478 0.532639 
-0.28594 0.308529 -0.158224 
0.508681 -0.0865829 -0.0655582 
-0.251317 -0.0595851 0.278591 
-0.204808 0.441363 -0.0208712 
0.173124 -0.162795 -0.0492097 
-0.164633 -0.0175297 -0.343998 
0.146747 0.450263 -0.309267 
-0.193317 0.0589406 -0.223776 
-0.0131154 -0.0138084 0.209291 
0.00589013 -0.00902944 0.344246 
-0.115262 0.378136 -0.174607 
-0.374056 0.162911 0.308642 
0.30839 -1.06804 0.44506 
-0.289976 0.937886 0.420383 
-0.328933 -0.697817 0.874409 
-0.0393551 -0.159008 0.256316 
0.195655 -0.543238 -0.589625 
-0.385236 0.500392 0.38567 
-0.747488 -0.0496828 -0.247597 
-0.623376 -0.221108 -0.231375 
0.268331 -0.271094 0.313173 
0.197801 -0.232876 -0.0903168 
0.12941 -0.225186 0.351095 
-0.0842518 -0.0859902 0.230293 
0.235986 0.48592 0.0228284 
-0.451032 0.235939 0.104794 
-0.383597 0.0367741 -0.434903 
0.0328892 -0.100545 0.272852 
0.0314601 -0.485765 0.375418 
-0.349156 -1.09616 0.337078 
0.0539789 -0.0693565 -0.0464599 
-0.253587 0.289261 -0.17018 
0.873251 1.21773 0.668411 
0.0635361 0.0769989 0.426598 
0.28507 0.332525 -0.114595 
-0.146698 -0.698434 -0.300747 
-0.165529 0.299086 -0.0361688 
0.168235 0.21201 -0.223504 
-0.222385 0.0558895 0.11349 
-0.154004 0.342117 0.322666 
0.173295 -0.0138116 -0.0593389 
-0.0387501 0.0434717 -0.0320617 
0.0417217 0.267559 -0.361327 
0.0764145 -0.0340648 0.232451 
0.254525 0.277656 0.768908 
-0.0354012 0.405838 -0.302694 
0.540419 -0.454951 -0.172951 
-0.0336519 -0.535921 0.303532 
-0.57693 -0.365713 0.823605 
-0.152688 -0.0663638 0.516647 
0.35568 -0.413167 0.330214 
0.400035 1.09849 0.548743 
0.37633 -0.101214 -0.459269 
0.0322841 -0.297064 -0.0860732 
-0.15767 0.106204 0.0685241 
-0.14891 0.164386 0.143431 
-0.172708 -0.485396 -0.180304 
0.0923863 0.0743437 0.221915 
0.242954 0.231719 0.127867 
0.262602 0.0619188 -0.233795 
-0.214538 0.169314 -0.33286 
-0.154543 0.195611 -0.62189 
0.257838 0.0789614 -0.478104 
-0.619345 -0.289592 0.198466 
-0.64262 -0.0705047 0.0671373 
0.199401 -0.132771 -0.3152 
0.545799 0.749402 -0.178543 
0.0316392 -0.980988 0.379284 
-0.261544 0.0616431 -0.397697 
0.078835 -0.433988 0.226364 
-0.232016 -0.0787437 0.0773546 
-0.454625 -0.0593504 -0.146334 
-0.190832 -0.0591518 -0.178532 
-0.544115 -0.42258 0.232445 
0.439493 0.116153 0.0642922 
-0.296783 0.180197 -0.0540709 
-0.711577 -0.174184 0.0684376 
0.027923 -0.252745 0.0598287 
0.134868 -0.198026 -0.0854629 
0.0102826 -0.301821 -0.0763143 
0.238886 0.607723 -0.339231 
-0.159636 0.301352 0.0611791 
-0.00374994 -0.222341 -0.335803 
0.528186 0.372649 -0.126231 
-0.0793433 0.317235 0.0952476 
-0.182051 0.103188 -0.0195543 
0.0661532 0.0687233 -0.0298878 
-0.0333112 0.00253552 -0.420446 
0.174653 -0.0483141 -0.097127 
0.0682259 0.00720449 -0.0358536 
-0.00616565 0.133124 -0.38909 
0.36362 -0.247878 -0.0923248 
-0.291732 0.441734 0.634823 
0.12495 0.088822 0.0549247 
-0.0580666 -0.148858 -0.847654 
-0.529855 0.26349 0.314348 
0.363483 -0.126955 0.0323221 
-0.374514 -0.206653 0.0898298 
-0.409987 -0.252819 -0.613743 
-0.823106 0.23359 0.218851 
0.183882 -0.0274855 0.291315 
-0.0360082 0.128069 0.1232 
-0.213256 0.205935 -0.172482 
0.375606 -0.232554 0.14885 
0.302738 0.188051 0.3631 
0.215656 -0.0906155 0.118015 
0.134112 0.0163005 -0.0481056 
-0.0650532 -0.138539 0.330173 
-0.211409 -0.10054 -0.107117 
0.155977 0.23763 -0.646948 
-0.328357 -0.491637 0.158379 
0.121476 -0.0505105 -0.637973 
0.0979058 0.161517 -0.503149 
0.334596 0.220335 0.0966023 
-0.934231 -0.0482706 0.585764 
0.253906 0.193723 0.134085 
-0.0811624 0.374369 -0.0762815 
-0.295592 0.269924 0.235281 
-0.112987 -0.112286 -0.159802 
0.278467 0.110913 0.142236 
0.30321 0.0805629 -0.143606 
-0.33267 -0.0543065 -0.0527992 
-0.36976 0.236435 0.134538 
-0.267297 -0.0524438 0.159042 
-0.408037 -0.00502283 -0.470604 
-0.186059 -0.219832 -0.477491 
0.179186 0.0632565 -0.246898 
-0.0942754 -0.421054 -0.101264 
0.249254 -0.588504 -0.639418 
-0.0914718 -0.252589 0.035869 
0.181971 -0.0842859 0.535904 
0.400955 -0.00973152 0.120151 
0.0786539 0.277704 0.403335 
0.205418 -0.0455343 -0.168007 
0.0948766 0.385289 -0.147018 
-0.265901 -0.0314342 0.0770021 
-0.0402468 -0.352504 -0.152804 
-0.259593 0.131097 0.0691491 
0.0606883 0.116486 0.0082752 
-0.0521947 -0.174599 -0.0362057 
0.363656 0.143839 0.106236 
-0.809401 -0.543615 0.432935 
-0.782487 0.47507 -0.202343 
-0.468316 0.397395 -0.144134 
-0.395736 -0.402193 -0.245319 
-0.0547561 0.283357 -0.125332 
0.0685218 0.214342 0.276768 
-0.247066 -0.470751 -0.517655 
0.260305 -0.142785 -0.00163054 
0.192127 -0.335292 -0.202034 
0.0405078 -0.360318 0.0748995 
-0.221037 -0.0175403 -0.0698137 
0.483733 -0.198187 0.0611744 
-0.297865 -0.124301 -0.202976 
-0.341426 -0.526095 -0.264314 
-0.166826 0.398624 -0.329442 
-0.0209837 0.0908939 0.152493 
-1.06713 -0.155811 0.00282621 
-0.30409 0.112033 -0.821597 
0.49626 0.125845 0.829768 
-0.394963 0.52857 0.486945 
-0.151485 -0.471777 -0.514455 
-0.102632 -0.646161 0.0103347 
-0.514056 0.252606 -0.279034 
-0.0606946 -0.00664149 0.0523363 
0.00112826 -0.24857 0.0365023 
-0.42121 -0.141376 0.385121 
-0.134224 -0.234523 -0.01574 
0.171475 -0.144916 0.180058 
-0.0278938 -0.0733491 0.424344 
-0.000866069 0.467539 -0.275008 
-0.0322784 0.13566 -0.413886 
0.110388 0.657658 0.191955 
0.108758 -0.614486 0.409934 
0.340125 0.258543 0.421475 
0.00579547 0.512285 -0.110594 
0.318296 -0.260115 0.289993 
0.0476773 0.402164 0.122161 
0.35095 -0.27009 -0.125207 
-0.0626275 -0.112675 -0.339868 
-0.260245 -0.265235 0.197036 
0.434095 -0.432873 -0.381462 
0.186584 0.44307 -0.142761 
0.450401 0.170293 -0.316346 
0.0464708 0.349491 0.092332 
0.177136 -0.184485 -0.3438 
0.340172 -0.0467911 -0.167967 
0.349235 -0.445455 0.0700743 
0.305609 -0.600074 -0.697065 
0.605468 -0.477122 -0.368574 
0.461211 -0.258917 -0.151397 
-0.148621 -0.302493 -0.105815 
0.0829131 -0.368022 -0.294215 
-0.423961 0.374179 0.664084 
-0.689063 0.287759 -0.124615 
-0.705703 0.110983 -0.520912 
-0.000110091 0.311361 0.312448 
0.248701 -0.256165 0.283979 
0.273259 -0.0709521 -0.299648 
0.163234 0.164865 -0.241423 
0.501736 -0.220558 -0.152482 
-0.147559 0.0950632 0.420399 
-0.11367 0.037795 0.141878 
0.273624 0.175502 -0.168816 
0.268304 -0.136484 -0.615553 
-0.132653 -0.663732 0.393474 
0.574938 0.638361 -0.127121 
-0.223092 0.409204 0.636546 
-1.27953 0.645922 0.454279 
-0.190769 0.730719 0.714382 
0.41028 -0.0269302 0.871724 
-0.279495 0.212231 -0.187574 
-0.0592394 0.35305 -0.147115 
0.325691 -0.18438 -0.204268 
-0.590293 0.122421 0.265675 
0.000666182 0.0111538 0.0264489 
-0.12955 -0.450533 0.108496 
0.0428469 0.0490455 -0.0570973 
-0.072334 0.0744625 -0.213576 
-0.131989 -0.444004 -0.161533 
-0.0113601 0.298271 0.842856 
0.285685 0.0307678 -0.527292 
-0.0375666 0.0780196 -0.285816 
0.472172 0.468378 0.699698 
-0.204646 0.817284 0.655011 
-0.0778984 -0.284863 -0.322773 
0.326935 0.378017 -0.378613 
-0.116437 -0.272722 -0.321591 
0.335817 -0.290644 0.034124 
0.12484 0.02014 0.214784 
-0.019581 0.203609 0.479056 
-0.355799 0.414645 0.158241 
0.194356 -0.181924 -0.0454875 
-0.479209 0.296794 0.0988277 
-0.238005 -0.122178 0.25326 
-0.410179 -0.265688 -0.010147 
0.233332 0.0560933 -0.207371 
0.122786 0.0300768 -0.181902 
0.339608 0.347276 0.832204 
-0.0867041 -0.0394361 -0.736207 
0.223096 0.217595 0.368318 
-0.164432 -0.133234 0.0441077 
-0.0945877 -0.456655 -0.652597 
0.140447 0.691979 0.642934 
-0.287648 -0.316428 -0.0642006 
-0.0899228 0.0554963 -0.0856309 
-0.122469 -0.136685 0.287333 
0.605397 -0.413838 -0.388523 
0.445049 -0.153322 0.0259407 
0.271523 -0.103923 -0.529233 
0.0574644 0.0555226 -0.31423 
0.0429745 0.368058 -0.271062 
0.331331 0.167881 0.651196 
0.0500138 -0.173351 0.344499 
-0.340604 -0.0831931 -0.643111 
-0.0614827 0.0589552 -0.299651 
-0.109373 0.0979964 -0.129494 
-0.372301 0.595567 -0.382991 
0.750287 0.635314 -0.379057 
-0.354231 0.444856 0.153335 
0.240963 0.360952 -0.0128662 
0.0243699 -0.349753 -0.107072 
0.0225093 -0.128177 0.493478 
0.0588141 -0.436317 0.203013 
-0.145295 0.33555 -0.116019 
0.143454 0.16327 0.00427 
0.388513 0.293178 -0.373004 
-0.129549 -0.0770056 0.273241 
-0.242453 0.0461134 -0.013766 
0.0824185 -0.558902 0.404459 
0.206102 -0.15526 0.211418 
-0.147464 0.0180628 0.25553 
0.217558 -0.0202252 0.728882 
-0.503649 0.506073 -0.209929 
0.153475 0.219902 0.208725 
0.0296444 -0.238555 0.380586 
0.365824 -0.131265 0.221423 
0.0589979 -0.0544879 0.142544 
-0.107938 -0.0873707 0.0802875 
-0.377583 -0.187771 0.0513986 
-0.0206501 -0.0371286 0.203795 
-0.138908 0.14315 0.0862452 
-0.260914 -0.0869828 0.0602939 
0.036039 -0.141582 0.0592543 
