1.5592e-11 1.2362e-11 1.4027e-11 1.1909e-11 1.4718e-11 1.2981e-11 1.2011e-11 1.2008e-11 6.6108e-12 1.219e-11 1.0772e-11 7.9264e-12 7.6832e-12 5.7425e-12 5.8631e-12 5.1552e-12 4.8136e-12 3.9622e-12 4.096e-12 4.232e-12 2.1146e-12 3.3223e-12 2.7157e-12 3.0821e-12
1.6313e-11 1.5009e-11 1.5112e-11 1.2409e-11 1.0585e-11 9.7811e-12 1.226e-11 1.3705e-11 1.0818e-11 1.1396e-11 8.6846e-12 1.0443e-11 8.0602e-12 5.3382e-12 4.4988e-12 3.8462e-12 4.6482e-12 4.1809e-12 3.846e-12 3.4942e-12 3.7435e-12 2.351e-12 2.7504e-12 2.5308e-12
1.4711e-11 1.2936e-11 1.2244e-11 1.1438e-11 1.6011e-11 1.229e-11 1.0871e-11 1.2122e-11 1.4114e-11 9.3635e-12 1.2688e-11 9.0344e-12 6.1932e-12 4.9702e-12 5.8499e-12 4.2469e-12 3.9558e-12 4.2617e-12 3.8149e-12 3.8125e-12 3.5493e-12 2.684e-12 2.5303e-12 2.4844e-12
1.4411e-11 1.5391e-11 1.2865e-11 1.1693e-11 1.1242e-11 1.2999e-11 1.4774e-11 1.6716e-11 1.054e-11 9.7623e-12 8.1699e-12 9.8376e-12 7.5923e-12 5.3385e-12 5.1831e-12 4.2538e-12 4.2637e-12 4.3806e-12 3.2782e-12 3.9055e-12 3.54e-12 2.3191e-12 2.4361e-12 2.4515e-12
1.4059e-11 1.3514e-11 1.3309e-11 1.0869e-11 1.2773e-11 1.3397e-11 1.1117e-11 1.1245e-11 6.0853e-12 1.3131e-11 1.373e-11 8.3261e-12 7.3354e-12 5.4933e-12 6.6824e-12 6.1246e-12 5.5377e-12 3.4012e-12 3.8509e-12 5.4481e-12 2.5996e-12 3.4461e-12 3.1687e-12 3.1704e-12
1.2186e-11 1.1708e-11 1.1774e-11 1.2511e-11 1.2593e-11 1.3833e-11 1.1667e-11 1.4618e-11 8.7427e-12 8.1927e-12 7.6409e-12 7.4564e-12 6.8088e-12 7.3458e-12 6.3662e-12 6.2329e-12 4.1511e-12 4.1276e-12 3.7387e-12 3.8484e-12 2.7323e-12 3.0293e-12 3.5723e-12 3.0216e-12
1.4577e-11 1.4476e-11 1.6947e-11 1.3294e-11 1.1777e-11 1.1374e-11 1.5901e-11 1.7685e-11 1.0537e-11 1.0909e-11 7.8012e-12 9.3622e-12 7.5514e-12 5.9299e-12 4.0653e-12 5.3826e-12 4.9227e-12 4.8156e-12 3.7404e-12 3.6454e-12 3.8367e-12 2.3167e-12 2.9141e-12 2.6266e-12
1.8615e-11 1.8565e-11 1.6076e-11 1.1903e-11 1.5973e-11 1.1522e-11 1.1043e-11 1.3589e-11 1.7474e-11 1.4593e-11 6.6078e-12 6.8982e-12 7.3634e-12 6.0297e-12 6.6228e-12 3.8833e-12 4.7319e-12 4.7421e-12 3.594e-12 3.6339e-12 3.3576e-12 2.7019e-12 2.1479e-12 2.3215e-12
2.7997e-11 1.5919e-11 1.6729e-11 1.7185e-11 1.2369e-11 1.1085e-11 1.1664e-11 9.4482e-12 1.7631e-11 1.3143e-11 7.4652e-12 6.0129e-12 6.9434e-12 7.5219e-12 4.5067e-12 4.4162e-12 5.1743e-12 4.2644e-12 5.0372e-12 3.5107e-12 3.6387e-12 2.7464e-12 2.0334e-12 1.9911e-12
2.301e-11 1.8848e-11 1.511e-11 1.2091e-11 1.585e-11 1.0505e-11 1.3261e-11 1.1668e-11 1.4437e-11 1.6863e-11 6.9454e-12 7.621e-12 8.8422e-12 6.0148e-12 5.3276e-12 4.1309e-12 4.9806e-12 4.5858e-12 4.0905e-12 3.6428e-12 3.5144e-12 2.5385e-12 2.1632e-12 1.9894e-12
1.4968e-11 1.2755e-11 1.4643e-11 1.36e-11 9.4731e-12 1.2715e-11 1.2612e-11 1.6067e-11 1.0209e-11 1.0744e-11 7.032e-12 1.1266e-11 6.6788e-12 5.0558e-12 4.9664e-12 4.5272e-12 5.1553e-12 4.2541e-12 3.9891e-12 3.8528e-12 4.2899e-12 2.4458e-12 2.8899e-12 2.5913e-12
1.1484e-11 1.1553e-11 1.291e-11 1.228e-11 1.2121e-11 1.1316e-11 1.2671e-11 1.3541e-11 1.1872e-11 1.4099e-11 9.1087e-12 1.0449e-11 5.7551e-12 5.7163e-12 6.5468e-12 6.8296e-12 3.7368e-12 3.7288e-12 3.9443e-12 4.1e-12 2.3843e-12 2.5773e-12 3.1506e-12 2.8845e-12
1.2912e-11 1.3652e-11 1.3232e-11 1.0084e-11 1.4011e-11 1.3392e-11 1.1253e-11 1.4167e-11 1.5516e-11 9.5066e-12 1.2175e-11 9.1525e-12 4.8412e-12 5.1054e-12 5.8622e-12 4.7707e-12 3.7257e-12 3.7897e-12 3.9247e-12 3.6507e-12 3.6657e-12 2.748e-12 2.4648e-12 2.3888e-12
2.3558e-11 1.3949e-11 1.6843e-11 1.4391e-11 1.2494e-11 1.0977e-11 1.2233e-11 1.0567e-11 1.5728e-11 1.474e-11 7.5558e-12 6.4695e-12 1.0308e-11 7.9843e-12 5.0637e-12 5.0126e-12 5.2109e-12 4.0014e-12 5.231e-12 3.4999e-12 3.5291e-12 2.8424e-12 2.4885e-12 2.0994e-12
2.639e-11 2.9012e-11 2.8702e-11 1.257e-11 1.2307e-11 1.6751e-11 8.0755e-12 9.1587e-12 6.1577e-12 6.4613e-12 1.4941e-11 1.6019e-11 7.6016e-12 8.7361e-12 4.5255e-12 4.3841e-12 4.405e-12 5.659e-12 6.2295e-12 3.123e-12 3.3099e-12 2.4716e-12 2.3734e-12 2.1341e-12
2.613e-11 1.5844e-11 1.6655e-11 1.4925e-11 1.4382e-11 1.1132e-11 1.1425e-11 9.9556e-12 1.7014e-11 1.3958e-11 7.4473e-12 6.7826e-12 7.0282e-12 7.0727e-12 4.9039e-12 4.7935e-12 4.6313e-12 3.9716e-12 5.0864e-12 3.512e-12 3.4182e-12 2.4815e-12 2.2516e-12 2.0203e-12
1.7006e-11 1.3489e-11 1.2035e-11 1.0843e-11 1.6935e-11 1.3934e-11 1.1748e-11 1.3828e-11 1.442e-11 1.1676e-11 1.2793e-11 9.2035e-12 5.6274e-12 5.3858e-12 6.0967e-12 4.8809e-12 3.5382e-12 4.4217e-12 4.4729e-12 2.8044e-12 3.6222e-12 2.552e-12 2.3721e-12 2.6175e-12
1.0362e-11 1.3303e-11 1.525e-11 1.1426e-11 1.0307e-11 1.1083e-11 1.4784e-11 1.5344e-11 1.461e-11 1.4143e-11 9.4611e-12 1.0746e-11 4.2868e-12 4.0957e-12 4.885e-12 4.4192e-12 5.027e-12 4.7478e-12 4.0953e-12 3.1768e-12 3.0846e-12 3.7013e-12 2.4415e-12 2.9229e-12
1.9256e-11 1.495e-11 1.5863e-11 1.3293e-11 1.0527e-11 9.8865e-12 1.0968e-11 1.405e-11 1.0247e-11 1.2153e-11 7.8323e-12 1.2459e-11 7.5908e-12 5.0548e-12 3.9804e-12 4.092e-12 5.0835e-12 3.9766e-12 3.4899e-12 3.5776e-12 4.0141e-12 2.3177e-12 2.4378e-12 2.4736e-12
2.2333e-11 2.0987e-11 1.7313e-11 1.0904e-11 1.5792e-11 1.02e-11 1.1767e-11 1.2846e-11 1.517e-11 1.4043e-11 6.8041e-12 7.7057e-12 8.4888e-12 6.2231e-12 5.4514e-12 4.5423e-12 4.9084e-12 4.8689e-12 3.7018e-12 3.5325e-12 3.4396e-12 2.5635e-12 2.1529e-12 2.5781e-12
2.8804e-11 1.7207e-11 1.783e-11 1.7077e-11 1.2367e-11 9.4506e-12 1.2417e-11 1.0147e-11 1.4591e-11 1.3702e-11 7.8074e-12 6.8121e-12 7.6695e-12 8.7844e-12 4.1133e-12 4.6516e-12 5.0665e-12 4.4768e-12 4.6159e-12 3.1488e-12 3.1237e-12 2.4944e-12 2.2076e-12 2.1898e-12
1.9215e-11 1.8469e-11 1.789e-11 1.2618e-11 1.5132e-11 1.1605e-11 1.3508e-11 1.1905e-11 1.6782e-11 1.3818e-11 6.2899e-12 8.9638e-12 8.4094e-12 7.6985e-12 5.8887e-12 3.9664e-12 4.6514e-12 4.7916e-12 3.4364e-12 4.2445e-12 3.8834e-12 2.4095e-12 2.2941e-12 2.3328e-12
1.406e-11 1.3511e-11 1.5681e-11 1.3178e-11 1.1164e-11 1.18e-11 1.1199e-11 1.8088e-11 1.1965e-11 9.6932e-12 7.5195e-12 1.1026e-11 8.4151e-12 5.0226e-12 4.6221e-12 3.9499e-12 4.5043e-12 4.3341e-12 4.1005e-12 3.609e-12 4.1662e-12 2.2016e-12 2.7018e-12 2.1997e-12
1.0973e-11 1.3075e-11 1.4057e-11 1.5434e-11 1.1171e-11 1.0321e-11 1.6109e-11 1.1855e-11 1.1616e-11 1.2064e-11 1.1025e-11 1.0606e-11 5.3821e-12 5.5141e-12 4.9406e-12 5.6099e-12 3.3265e-12 3.6376e-12 3.8651e-12 4.2294e-12 2.5575e-12 2.3709e-12 2.9076e-12 3.0332e-12
1.606e-11 1.27e-11 1.2661e-11 1.189e-11 1.1466e-11 1.3253e-11 1.2549e-11 1.1068e-11 5.9093e-12 1.1912e-11 9.9458e-12 8.2341e-12 8.0066e-12 5.6112e-12 6.3601e-12 4.9818e-12 5.2224e-12 3.3592e-12 3.8317e-12 4.4875e-12 2.3065e-12 2.9973e-12 3.2322e-12 3.0306e-12
1.9438e-11 1.4285e-11 1.3556e-11 1.1996e-11 1.1438e-11 1.1394e-11 1.2482e-11 1.4934e-11 1.0047e-11 8.8768e-12 6.7083e-12 1.0841e-11 6.5603e-12 5.2365e-12 4.1047e-12 4.1754e-12 4.5973e-12 4.4161e-12 3.837e-12 3.7383e-12 3.932e-12 2.3392e-12 2.5097e-12 2.3637e-12
1.9826e-11 1.5838e-11 1.3187e-11 1.2296e-11 1.5219e-11 1.1145e-11 1.1494e-11 1.4104e-11 1.5466e-11 1.1343e-11 1.1523e-11 8.4063e-12 4.5679e-12 5.3045e-12 6.1707e-12 4.4739e-12 3.5184e-12 4.0527e-12 3.6893e-12 3.2401e-12 3.7484e-12 2.913e-12 2.2664e-12 2.7295e-12
1.6838e-11 1.6326e-11 1.464e-11 1.5666e-11 1.1447e-11 1.154e-11 1.5484e-11 1.3868e-11 1.0352e-11 1.0857e-11 8.6768e-12 1.1778e-11 8.0567e-12 5.8543e-12 4.1127e-12 4.2489e-12 5.0953e-12 3.9395e-12 3.9358e-12 4.1195e-12 3.8964e-12 2.0846e-12 2.5299e-12 2.394e-12
1.6564e-11 1.3007e-11 1.2603e-11 1.2932e-11 1.2118e-11 1.6148e-11 1.4733e-11 1.201e-11 6.0376e-12 1.2167e-11 1.1286e-11 8.1633e-12 8.6684e-12 5.337e-12 5.9675e-12 5.543e-12 5.4463e-12 3.822e-12 4.0062e-12 4.5052e-12 2.4269e-12 3.4975e-12 3.0386e-12 3.1452e-12
1.4913e-11 1.2418e-11 1.3229e-11 1.2741e-11 1.3726e-11 1.2467e-11 1.1413e-11 1.2809e-11 8.1212e-12 9.2938e-12 6.5469e-12 7.2595e-12 6.9275e-12 7.5552e-12 6.3218e-12 5.6471e-12 4.7146e-12 3.994e-12 3.8086e-12 3.5423e-12 2.7943e-12 2.7607e-12 3.52e-12 3.8514e-12
1.4552e-11 1.2895e-11 1.2574e-11 1.3136e-11 1.4079e-11 1.1592e-11 1.1194e-11 1.1021e-11 8.8613e-12 1.0466e-11 8.2813e-12 7.6786e-12 6.8855e-12 7.283e-12 5.2156e-12 5.0161e-12 4.3126e-12 4.0666e-12 3.869e-12 4.4679e-12 2.7371e-12 2.8944e-12 3.4394e-12 4.1171e-12
1.4493e-11 1.0396e-11 1.1534e-11 1.3832e-11 1.1037e-11 1.2548e-11 1.6472e-11 1.5214e-11 1.1921e-11 1.1539e-11 9.9429e-12 9.0997e-12 5.6285e-12 5.9741e-12 5.79e-12 6.215e-12 3.946e-12 3.8852e-12 3.8992e-12 4.0333e-12 2.3785e-12 2.5391e-12 3.0675e-12 3.2911e-12
1.2351e-11 1.2764e-11 1.3947e-11 1.1595e-11 1.0579e-11 1.2236e-11 1.3374e-11 1.4744e-11 1.2421e-11 1.8589e-11 1.0473e-11 8.0019e-12 3.6947e-12 3.7035e-12 5.401e-12 5.0231e-12 4.4182e-12 4.6128e-12 3.819e-12 3.9033e-12 3.8908e-12 3.0295e-12 2.4247e-12 2.5464e-12
1.0673e-11 1.4624e-11 1.4292e-11 1.3261e-11 1.1554e-11 1.1431e-11 1.2848e-11 1.6819e-11 1.1139e-11 1.2071e-11 1.0295e-11 9.4209e-12 5.2438e-12 5.3995e-12 5.6351e-12 4.992e-12 4.1136e-12 3.9048e-12 4.3772e-12 3.8777e-12 2.4503e-12 2.5782e-12 3.402e-12 3.0497e-12
1.3918e-11 1.2612e-11 1.3522e-11 1.1273e-11 1.1835e-11 1.1865e-11 1.2581e-11 1.1319e-11 7.935e-12 7.967e-12 6.618e-12 7.188e-12 6.5871e-12 6.9274e-12 4.9645e-12 4.9875e-12 4.767e-12 4.9852e-12 3.7828e-12 3.8777e-12 2.7914e-12 2.7196e-12 3.7262e-12 3.1903e-12
1.2214e-11 1.2704e-11 1.1629e-11 1.311e-11 1.0403e-11 1.024e-11 9.7574e-12 1.0652e-11 6.5889e-12 5.3979e-12 5.411e-12 6.5627e-12 9.2007e-12 8.7169e-12 8.9457e-12 7.4425e-12 3.7896e-12 3.7416e-12 3.7096e-12 3.9593e-12 3.2e-12 3.5179e-12 3.2241e-12 3.3497e-12
1.796e-11 1.1917e-11 1.4059e-11 1.2571e-11 1.272e-11 1.4797e-11 1.1869e-11 1.2627e-11 1.1552e-11 6.4205e-12 9.865e-12 7.696e-12 7.9857e-12 4.829e-12 5.4152e-12 5.2443e-12 5.4901e-12 4.5524e-12 4.2468e-12 4.9982e-12 2.4001e-12 3.5999e-12 2.9725e-12 3.6412e-12
1.6431e-11 1.2223e-11 1.264e-11 1.4247e-11 1.1167e-11 1.0538e-11 1.4597e-11 1.0627e-11 1.458e-11 1.0071e-11 8.2433e-12 1.0724e-11 6.8158e-12 4.8082e-12 4.2704e-12 4.4226e-12 4.7294e-12 4.7308e-12 3.9141e-12 3.6862e-12 4.9596e-12 2.4974e-12 2.33e-12 2.5028e-12
1.5008e-11 1.3335e-11 1.5094e-11 1.6932e-11 1.1225e-11 1.0973e-11 1.3082e-11 1.2417e-11 1.118e-11 1.4388e-11 1.1071e-11 7.7662e-12 6.4341e-12 4.9186e-12 4.4777e-12 4.303e-12 3.657e-12 4.0144e-12 3.7304e-12 3.0939e-12 3.4366e-12 2.3773e-12 2.4195e-12 2.4215e-12
1.6595e-11 1.258e-11 1.4328e-11 1.6696e-11 1.1343e-11 1.3423e-11 1.2384e-11 1.194e-11 1.5092e-11 9.7421e-12 7.2937e-12 1.0785e-11 7.251e-12 6.1943e-12 4.6516e-12 4.6686e-12 4.4712e-12 4.3601e-12 4.1719e-12 3.514e-12 3.8902e-12 2.3217e-12 2.4119e-12 2.2639e-12
1.723e-11 1.1077e-11 1.3816e-11 1.3667e-11 1.2656e-11 1.3771e-11 1.2126e-11 1.5791e-11 1.1453e-11 6.2338e-12 1.033e-11 7.615e-12 7.8702e-12 5.0239e-12 5.9959e-12 5.6093e-12 5.8284e-12 3.9814e-12 3.7219e-12 4.0507e-12 2.2174e-12 3.0664e-12 2.8255e-12 3.0268e-12
1.1412e-11 1.4545e-11 1.4235e-11 1.1023e-11 1.1872e-11 1.2859e-11 1.1963e-11 1.1991e-11 9.0632e-12 9.1758e-12 6.4821e-12 6.482e-12 8.272e-12 7.0538e-12 6.1127e-12 5.1638e-12 3.2397e-12 3.3354e-12 4.3086e-12 4.3179e-12 3.0892e-12 2.8523e-12 3.5581e-12 3.6402e-12
1.3982e-11 1.0793e-11 1.4317e-11 1.5503e-11 1.1705e-11 1.2893e-11 1.2185e-11 1.4856e-11 1.7733e-11 1.1402e-11 6.9149e-12 1.0265e-11 7.6582e-12 4.4257e-12 4.3429e-12 3.9126e-12 4.7635e-12 4.6373e-12 3.8694e-12 3.7717e-12 4.3948e-12 2.3369e-12 2.4779e-12 2.6883e-12
2.9808e-11 1.6207e-11 1.4698e-11 1.409e-11 1.7397e-11 1.1724e-11 1.1013e-11 1.3318e-11 7.3087e-12 1.5009e-11 1.4914e-11 8.401e-12 8.0085e-12 7.1121e-12 5.8676e-12 4.2438e-12 4.9825e-12 5.4007e-12 3.3376e-12 3.4248e-12 3.4651e-12 2.4816e-12 2.1827e-12 2.3193e-12
3.0813e-11 2.0783e-11 2.1915e-11 1.3107e-11 1.3033e-11 1.0428e-11 1.0533e-11 1.0101e-11 1.5816e-11 1.4109e-11 6.1943e-12 8.0961e-12 6.9805e-12 7.863e-12 4.7023e-12 4.7396e-12 4.8919e-12 4.4282e-12 5.0281e-12 3.5885e-12 3.2536e-12 2.382e-12 2.3088e-12 2.4287e-12
2.9565e-11 1.3337e-11 1.4766e-11 1.3734e-11 1.6803e-11 1.2542e-11 1.1043e-11 1.213e-11 7.256e-12 1.3895e-11 1.5413e-11 8.857e-12 7.1405e-12 5.7495e-12 6.1463e-12 4.0869e-12 4.8678e-12 4.8573e-12 3.5375e-12 3.3795e-12 3.3587e-12 2.5216e-12 2.6503e-12 2.3575e-12
1.587e-11 1.1386e-11 1.6076e-11 1.3183e-11 1.2097e-11 1.1325e-11 1.347e-11 1.4697e-11 1.6748e-11 1.1337e-11 6.7003e-12 9.9264e-12 7.4394e-12 6.1717e-12 3.9832e-12 5.1339e-12 4.6443e-12 4.3188e-12 3.9347e-12 3.8729e-12 4.0973e-12 2.6356e-12 2.5827e-12 2.3557e-12
1.1746e-11 1.1588e-11 1.6011e-11 1.3756e-11 1.1902e-11 1.2487e-11 1.3298e-11 1.3455e-11 1.1382e-11 1.3482e-11 9.4174e-12 8.5387e-12 6.5863e-12 6.669e-12 5.0479e-12 5.0867e-12 3.9671e-12 3.6382e-12 3.7279e-12 4.0781e-12 2.2737e-12 2.4058e-12 3.2089e-12 3.1083e-12
1.3471e-11 1.5843e-11 1.4806e-11 1.3981e-11 1.2117e-11 1.1778e-11 1.6294e-11 1.6618e-11 1.2892e-11 1.6929e-11 1.2144e-11 8.3209e-12 5.6743e-12 3.8938e-12 5.6604e-12 4.2195e-12 4.0853e-12 3.9867e-12 4.5041e-12 2.8243e-12 3.9043e-12 2.364e-12 2.3553e-12 2.4794e-12
4.0565e-11 2.3885e-11 2.3177e-11 1.2513e-11 1.4181e-11 1.0315e-11 1.0417e-11 1.056e-11 1.6003e-11 1.5774e-11 6.3915e-12 6.9877e-12 7.5422e-12 8.0823e-12 5.02e-12 4.7917e-12 5.1161e-12 4.8175e-12 4.8545e-12 3.7788e-12 3.3667e-12 2.4177e-12 2.201e-12 2.0621e-12
1.0102e-10 9.4739e-11 7.0633e-11 1.3486e-11 1.3632e-11 9.8474e-12 7.6603e-12 5.978e-12 6.293e-12 1.32e-11 1.5503e-11 1.5138e-11 8.4457e-12 8.7684e-12 4.921e-12 4.0175e-12 3.5688e-12 4.4461e-12 5.2936e-12 2.707e-12 3.3783e-12 2.2762e-12 2.1397e-12 2.379e-12
4.091e-11 2.0833e-11 2.0605e-11 1.3916e-11 1.6499e-11 1.1614e-11 1.1369e-11 1.0112e-11 1.3747e-11 1.5011e-11 6.4608e-12 8.1107e-12 8.4739e-12 9.1422e-12 4.6419e-12 4.2723e-12 4.7684e-12 4.1568e-12 5.7762e-12 3.1541e-12 3.4397e-12 2.6268e-12 2.2305e-12 2.2955e-12
1.4753e-11 1.1336e-11 1.4035e-11 1.5636e-11 1.0605e-11 1.0884e-11 1.5332e-11 1.4391e-11 1.0674e-11 1.4619e-11 1.0956e-11 9.0013e-12 6.1185e-12 4.1715e-12 5.309e-12 4.4025e-12 4.1945e-12 4.1707e-12 4.1793e-12 3.403e-12 3.3116e-12 2.6798e-12 2.0629e-12 2.5506e-12
1.3767e-11 1.2059e-11 1.3973e-11 1.3846e-11 1.2633e-11 1.2969e-11 1.3361e-11 1.1737e-11 1.5257e-11 1.395e-11 1.1458e-11 9.6653e-12 4.1307e-12 4.6846e-12 6.248e-12 4.9166e-12 4.3701e-12 3.994e-12 4.2578e-12 3.7597e-12 4.2572e-12 3.4702e-12 2.3412e-12 2.3827e-12
1.608e-11 1.1576e-11 1.1899e-11 1.4887e-11 9.5431e-12 1.1855e-11 1.3875e-11 1.0641e-11 1.458e-11 1.0713e-11 6.7666e-12 1.0293e-11 9.554e-12 4.3248e-12 3.7565e-12 4.0107e-12 4.9263e-12 5.638e-12 3.8455e-12 3.5423e-12 4.0666e-12 2.511e-12 2.7532e-12 2.6653e-12
2.588e-11 1.6937e-11 1.4212e-11 1.4919e-11 1.5703e-11 1.1706e-11 1.1905e-11 1.4991e-11 6.8051e-12 1.3937e-11 1.6336e-11 7.5306e-12 8.0139e-12 5.7307e-12 5.4084e-12 4.629e-12 4.3944e-12 4.8966e-12 3.3042e-12 3.0718e-12 3.5866e-12 2.3081e-12 2.3609e-12 2.199e-12
3.5175e-11 2.0546e-11 2.1563e-11 1.4328e-11 1.6004e-11 1.1595e-11 1.0821e-11 9.685e-12 1.513e-11 1.3777e-11 6.1053e-12 8.3375e-12 6.7902e-12 7.1291e-12 4.3187e-12 3.9431e-12 4.5624e-12 4.889e-12 4.9388e-12 3.4317e-12 3.2665e-12 2.3372e-12 2.3185e-12 2.0937e-12
2.5697e-11 1.5983e-11 1.405e-11 1.248e-11 1.3074e-11 1.1736e-11 1.1284e-11 1.422e-11 6.4603e-12 1.7341e-11 1.6253e-11 8.5971e-12 7.3771e-12 5.3769e-12 5.6992e-12 4.1255e-12 4.6792e-12 5.5346e-12 3.1914e-12 3.4018e-12 3.2245e-12 2.3878e-12 2.3619e-12 2.4272e-12
1.691e-11 1.1785e-11 1.1627e-11 1.597e-11 1.2137e-11 1.0484e-11 1.564e-11 1.1206e-11 1.5977e-11 1.0551e-11 6.8146e-12 9.9621e-12 6.2194e-12 4.9116e-12 4.6588e-12 4.259e-12 5.014e-12 4.3473e-12 3.7779e-12 3.7996e-12 3.6982e-12 2.3994e-12 2.561e-12 2.6681e-12
1.2202e-11 1.1622e-11 1.4235e-11 1.1326e-11 1.2604e-11 1.0908e-11 1.5505e-11 1.2809e-11 1.275e-11 1.2075e-11 9.6294e-12 9.1508e-12 6.7585e-12 7.0178e-12 4.5801e-12 5.9481e-12 3.4434e-12 3.8857e-12 3.5384e-12 3.206e-12 2.2276e-12 2.4029e-12 3.0768e-12 3.1274e-12
1.5773e-11 1.1087e-11 1.2682e-11 1.096e-11 1.3891e-11 1.1655e-11 1.3433e-11 1.2324e-11 1.1782e-11 6.2924e-12 1.0786e-11 8.0432e-12 8.0445e-12 5.371e-12 5.1681e-12 4.7057e-12 5.2478e-12 4.1986e-12 4.1554e-12 4.2449e-12 2.2584e-12 3.0052e-12 3.2429e-12 2.8361e-12
1.7945e-11 1.1411e-11 1.4891e-11 1.3499e-11 1.1502e-11 1.1382e-11 1.3418e-11 1.1315e-11 1.5138e-11 1.189e-11 6.6536e-12 1.0295e-11 7.7911e-12 4.9306e-12 4.572e-12 3.8837e-12 4.1777e-12 4.7021e-12 4.2655e-12 3.6895e-12 4.5666e-12 2.3439e-12 3.2707e-12 2.3368e-12
1.463e-11 1.2518e-11 1.7573e-11 1.6463e-11 1.0521e-11 1.1132e-11 1.3902e-11 1.1706e-11 1.0119e-11 1.2365e-11 1.1696e-11 8.3047e-12 5.7744e-12 4.9058e-12 5.6253e-12 5.7549e-12 3.605e-12 4.0539e-12 3.404e-12 3.0358e-12 4.1463e-12 2.565e-12 2.3697e-12 2.575e-12
1.7104e-11 1.1424e-11 1.2655e-11 1.5705e-11 1.2349e-11 1.1989e-11 1.4846e-11 1.0909e-11 1.6273e-11 1.0205e-11 7.3159e-12 1.0306e-11 7.847e-12 5.363e-12 4.7395e-12 3.9486e-12 4.8416e-12 4.5742e-12 3.8446e-12 3.8298e-12 3.5661e-12 2.2783e-12 2.3075e-12 2.3038e-12
1.5455e-11 1.0666e-11 1.371e-11 1.2169e-11 1.1378e-11 1.2069e-11 1.4373e-11 1.4209e-11 1.1124e-11 6.3068e-12 1.1678e-11 8.4303e-12 8.1322e-12 5.217e-12 5.9773e-12 5.1654e-12 5.2096e-12 3.8194e-12 4.0781e-12 3.6486e-12 2.1277e-12 3.5328e-12 2.7382e-12 3.2479e-12
1.4112e-11 1.2421e-11 1.2316e-11 1.5173e-11 1.2896e-11 1.3291e-11 1.2101e-11 1.2048e-11 9.5537e-12 8.2777e-12 6.5663e-12 6.08e-12 7.1566e-12 7.0879e-12 5.7634e-12 5.528e-12 4.0086e-12 3.5854e-12 3.9376e-12 4.1498e-12 2.7111e-12 2.9396e-12 3.7287e-12 3.5253e-12
1.299e-11 1.4084e-11 1.3235e-11 1.164e-11 1.1249e-11 1.5313e-11 1.3404e-11 1.3978e-11 9.8743e-12 9.4962e-12 6.9663e-12 6.9999e-12 7.0353e-12 8.5782e-12 5.588e-12 4.9902e-12 3.5108e-12 3.7938e-12 4.1219e-12 3.8547e-12 2.898e-12 3.3433e-12 3.467e-12 3.7589e-12
1.1324e-11 1.2217e-11 1.1296e-11 1.334e-11 1.1668e-11 1.1674e-11 1.4022e-11 1.4326e-11 1.074e-11 1.1357e-11 1.0525e-11 7.863e-12 6.0651e-12 6.1251e-12 5.7942e-12 5.572e-12 3.3049e-12 3.2466e-12 4.0056e-12 3.56e-12 2.3939e-12 2.5557e-12 3.2489e-12 3.2147e-12
1.1617e-11 1.4015e-11 1.3796e-11 1.3389e-11 1.3321e-11 1.2731e-11 1.0296e-11 1.3211e-11 1.7671e-11 1.515e-11 1.0112e-11 9.63e-12 4.7754e-12 4.4515e-12 6.0347e-12 5.4917e-12 4.3659e-12 3.7803e-12 3.8361e-12 3.7513e-12 3.1805e-12 3.8258e-12 2.3997e-12 2.4107e-12
1.2057e-11 1.1076e-11 1.3896e-11 1.4273e-11 1.2875e-11 1.023e-11 1.2674e-11 1.292e-11 1.1063e-11 1.0079e-11 9.4336e-12 8.2515e-12 6.0364e-12 6.2629e-12 5.4064e-12 5.495e-12 3.5781e-12 3.3765e-12 3.5198e-12 3.52e-12 2.3114e-12 2.6569e-12 2.8303e-12 2.8963e-12
1.1246e-11 1.2881e-11 1.2417e-11 1.1938e-11 1.2886e-11 1.4254e-11 1.1127e-11 1.1084e-11 8.899e-12 8.2758e-12 6.4942e-12 6.4521e-12 7.035e-12 6.9128e-12 5.5461e-12 5.8039e-12 3.674e-12 3.8035e-12 3.3128e-12 4.4148e-12 3.1401e-12 2.8364e-12 3.711e-12 3.25e-12
1.2645e-11 1.0698e-11 1.2395e-11 1.1841e-11 1.2087e-11 1.1667e-11 1.161e-11 1.2678e-11 5.7192e-12 6.1112e-12 6.1856e-12 4.8086e-12 7.0563e-12 7.6021e-12 6.9199e-12 6.8835e-12 3.7471e-12 3.6248e-12 3.5569e-12 3.6188e-12 3.3913e-12 3.7524e-12 3.4537e-12 3.5138e-12
1.7574e-11 1.1393e-11 1.5557e-11 1.474e-11 1.1912e-11 1.2351e-11 1.2269e-11 1.3048e-11 1.0935e-11 5.6745e-12 1.0348e-11 7.9163e-12 7.7761e-12 5.226e-12 5.4032e-12 6.2101e-12 4.864e-12 3.9338e-12 3.6097e-12 4.2122e-12 2.0688e-12 3.513e-12 3.3746e-12 2.9836e-12
1.7688e-11 1.1035e-11 1.6276e-11 1.3234e-11 1.1174e-11 1.3062e-11 1.2278e-11 1.1511e-11 1.578e-11 1.1515e-11 6.2212e-12 9.0144e-12 7.4274e-12 5.0042e-12 4.5884e-12 4.0267e-12 3.7927e-12 4.796e-12 3.9752e-12 3.2352e-12 3.534e-12 2.275e-12 2.3857e-12 2.4421e-12
1.3453e-11 1.3977e-11 1.4002e-11 1.4645e-11 1.1409e-11 1.1703e-11 1.5186e-11 1.2727e-11 1.5551e-11 1.5113e-11 1.0407e-11 9.7718e-12 6.1648e-12 4.4069e-12 4.9413e-12 4.7333e-12 4.7031e-12 3.3338e-12 3.2806e-12 4.3962e-12 3.7758e-12 2.4532e-12 2.1956e-12 2.4159e-12
1.6529e-11 1.1909e-11 1.5031e-11 1.4484e-11 1.1773e-11 1.2051e-11 1.3455e-11 1.2885e-11 1.4935e-11 1.0454e-11 6.4669e-12 1.022e-11 7.388e-12 4.9839e-12 4.4569e-12 4.0186e-12 4.5023e-12 4.7622e-12 4.2195e-12 3.3751e-12 4.3372e-12 2.3478e-12 2.5762e-12 2.4531e-12
1.4541e-11 1.0593e-11 1.2936e-11 1.4413e-11 1.2175e-11 1.2819e-11 1.6618e-11 1.3413e-11 9.9955e-12 5.6555e-12 1.1996e-11 6.6406e-12 8.9291e-12 4.8426e-12 5.9388e-12 6.4244e-12 4.831e-12 3.8993e-12 4.2739e-12 4.3384e-12 2.3134e-12 3.4077e-12 2.9677e-12 2.743e-12
1.4003e-11 1.2797e-11 1.292e-11 1.1314e-11 1.1797e-11 1.0822e-11 1.2043e-11 1.1302e-11 1.0109e-11 8.6605e-12 6.6126e-12 6.4145e-12 7.0272e-12 6.2697e-12 6.3764e-12 5.6956e-12 3.1958e-12 3.3814e-12 3.1205e-12 3.5501e-12 2.9562e-12 3.1775e-12 3.1516e-12 4.1532e-12
1.5819e-11 1.1654e-11 1.5367e-11 1.4243e-11 1.089e-11 1.2982e-11 1.4873e-11 1.5824e-11 1.512e-11 1.0481e-11 7.3299e-12 1.0783e-11 7.7504e-12 5.2665e-12 3.9031e-12 4.0426e-12 4.8834e-12 4.4963e-12 4.0514e-12 3.7244e-12 3.9143e-12 2.2776e-12 2.6227e-12 2.5024e-12
3.655e-11 1.7493e-11 1.7909e-11 1.5897e-11 1.3548e-11 1.0854e-11 1.1796e-11 1.6483e-11 6.4993e-12 1.5566e-11 1.4368e-11 6.8279e-12 9.197e-12 5.5803e-12 7.0485e-12 4.3258e-12 5.0544e-12 4.5302e-12 3.5687e-12 3.3842e-12 3.1134e-12 2.3884e-12 2.1825e-12 2.4339e-12
3.074e-11 2.3333e-11 2.8797e-11 1.3852e-11 1.228e-11 8.6611e-12 1.1094e-11 1.0448e-11 1.4244e-11 1.5871e-11 5.3882e-12 8.2523e-12 6.8945e-12 9.2266e-12 4.8395e-12 4.46e-12 3.8627e-12 5.1805e-12 5.6459e-12 2.947e-12 2.6917e-12 2.5123e-12 2.1833e-12 2.1416e-12
4.152e-11 1.477e-11 2.1419e-11 1.5949e-11 1.424e-11 1.096e-11 1.0968e-11 1.3088e-11 6.3501e-12 1.1487e-11 1.4924e-11 7.1986e-12 7.0582e-12 4.8078e-12 5.9802e-12 3.753e-12 5.3613e-12 5.067e-12 3.5582e-12 3.7495e-12 3.402e-12 2.3349e-12 2.2318e-12 2.362e-12
1.8688e-11 1.1526e-11 1.5814e-11 1.4414e-11 1.2132e-11 1.3821e-11 1.3851e-11 1.1911e-11 1.5809e-11 1.0553e-11 6.5115e-12 9.4522e-12 7.6163e-12 4.8572e-12 4.1743e-12 3.9775e-12 3.6549e-12 5.0259e-12 3.9575e-12 3.7496e-12 3.6258e-12 2.3703e-12 2.4736e-12 2.4308e-12
1.5082e-11 1.462e-11 1.1313e-11 1.0833e-11 1.4185e-11 1.1082e-11 1.3319e-11 1.3209e-11 1.0884e-11 1.0426e-11 9.2068e-12 8.0218e-12 5.5056e-12 7.0226e-12 5.2329e-12 4.9544e-12 3.8562e-12 3.5061e-12 3.9127e-12 3.6196e-12 2.418e-12 2.3552e-12 3.2677e-12 3.1209e-12
1.4968e-11 1.3001e-11 1.6682e-11 1.3504e-11 1.1387e-11 1.2175e-11 1.3215e-11 1.1797e-11 1.6158e-11 1.5658e-11 1.1137e-11 7.5513e-12 5.9193e-12 4.0368e-12 4.8876e-12 5.2007e-12 4.3764e-12 2.9713e-12 3.6092e-12 4.1819e-12 4.3557e-12 2.3994e-12 2.3766e-12 2.3798e-12
2.704e-11 2.3411e-11 3.2421e-11 1.2194e-11 1.4536e-11 1.0077e-11 1.0745e-11 1.0278e-11 1.3161e-11 1.2951e-11 4.6033e-12 9.2351e-12 7.8416e-12 8.1262e-12 4.5709e-12 4.2744e-12 4.7539e-12 4.4756e-12 6.2266e-12 3.5292e-12 3.2893e-12 2.5412e-12 2.1678e-12 2.287e-12
3.7172e-12 4.8998e-12 5.1433e-12 1.5688e-11 1.6109e-11 7.9818e-12 8.4533e-12 5.2661e-12 4.8618e-12 1.4862e-11 1.6058e-11 1.3991e-11 8.5341e-12 7.0618e-12 4.0461e-12 4.179e-12 3.8556e-12 5.0486e-12 4.7235e-12 2.8774e-12 2.9587e-12 2.2283e-12 2.344e-12 2.3971e-12
2.5907e-11 2.251e-11 3.1539e-11 1.6696e-11 1.344e-11 1.0158e-11 9.775e-12 9.8712e-12 1.5992e-11 1.6345e-11 5.7938e-12 8.904e-12 8.3704e-12 8.1014e-12 4.5871e-12 4.2802e-12 4.7286e-12 5.2926e-12 5.8726e-12 3.703e-12 2.9069e-12 2.4889e-12 2.3579e-12 2.0982e-12
1.4271e-11 1.3889e-11 1.6967e-11 1.5709e-11 1.0525e-11 1.2378e-11 1.3444e-11 1.2198e-11 1.7688e-11 1.3878e-11 1.3066e-11 9.2088e-12 5.531e-12 4.3081e-12 6.2682e-12 5.5275e-12 4.3501e-12 3.1792e-12 3.709e-12 4.0176e-12 3.6062e-12 2.8101e-12 2.2889e-12 2.346e-12
1.2346e-11 1.269e-11 1.085e-11 1.0712e-11 1.2866e-11 1.1321e-11 1.1497e-11 1.2621e-11 1.3336e-11 1.5914e-11 1.0581e-11 1.0821e-11 4.927e-12 5.035e-12 5.113e-12 5.7081e-12 3.5819e-12 3.7605e-12 4.0411e-12 3.874e-12 3.4706e-12 3.1103e-12 2.4265e-12 2.5796e-12
1.6345e-11 1.1001e-11 1.4362e-11 1.4848e-11 1.098e-11 1.6022e-11 1.3912e-11 1.3874e-11 1.5724e-11 1.1039e-11 7.981e-12 1.0158e-11 6.4861e-12 5.6117e-12 3.7703e-12 4.1862e-12 4.5203e-12 4.1011e-12 4.3203e-12 3.7238e-12 4.6445e-12 2.2564e-12 2.4106e-12 2.3832e-12
3.2606e-11 1.3501e-11 2.3158e-11 1.3074e-11 1.332e-11 1.1149e-11 1.2353e-11 1.5442e-11 5.7863e-12 1.1002e-11 1.3709e-11 8.0076e-12 6.3918e-12 6.0336e-12 5.7766e-12 3.8811e-12 4.9873e-12 4.8418e-12 3.1806e-12 3.4658e-12 3.1735e-12 2.4076e-12 2.3296e-12 2.2719e-12
2.4953e-11 2.3721e-11 3.7897e-11 1.5159e-11 1.2836e-11 1.0539e-11 1.0231e-11 9.8861e-12 1.7109e-11 1.4776e-11 5.3041e-12 7.9072e-12 8.6844e-12 7.1008e-12 4.3752e-12 4.3936e-12 4.2139e-12 4.7034e-12 5.526e-12 3.284e-12 3.4442e-12 2.5156e-12 2.333e-12 2.2218e-12
4.32e-11 1.6073e-11 1.8939e-11 1.4189e-11 1.3296e-11 1.2788e-11 1.3662e-11 1.5627e-11 5.575e-12 1.6062e-11 1.2607e-11 8.1418e-12 8.3402e-12 5.5482e-12 6.9795e-12 4.2228e-12 4.9441e-12 5.3495e-12 3.1544e-12 3.5616e-12 3.3128e-12 2.4618e-12 2.1967e-12 2.4223e-12
1.7594e-11 1.4092e-11 1.392e-11 1.2913e-11 1.0227e-11 1.2375e-11 1.2656e-11 1.2589e-11 1.6784e-11 1.1774e-11 6.6215e-12 9.9966e-12 7.4746e-12 5.5234e-12 4.0451e-12 4.3984e-12 4.4129e-12 5.2999e-12 3.3481e-12 3.4836e-12 3.6655e-12 2.2542e-12 2.6609e-12 2.4003e-12
1.2173e-11 1.5337e-11 1.208e-11 1.0132e-11 1.3345e-11 1.1872e-11 1.2851e-11 1.5324e-11 1.0935e-11 1.1185e-11 7.7695e-12 8.0332e-12 5.5174e-12 6.2298e-12 5.1502e-12 5.1151e-12 3.6646e-12 3.9416e-12 3.5945e-12 3.4845e-12 2.1806e-12 2.3283e-12 3.2303e-12 3.349e-12
1.4767e-11 1.0252e-11 1.2257e-11 1.3441e-11 1.4266e-11 1.0716e-11 1.3326e-11 1.2366e-11 1.0962e-11 5.6142e-12 1.1032e-11 7.2212e-12 8.3883e-12 5.0454e-12 6.1789e-12 5.7793e-12 5.4582e-12 3.9231e-12 4.2215e-12 3.9391e-12 2.06e-12 3.465e-12 3.0731e-12 2.9773e-12
1.8658e-11 1.0428e-11 1.7579e-11 1.4003e-11 1.1227e-11 1.1336e-11 1.5066e-11 1.3471e-11 1.7398e-11 1.2032e-11 6.7602e-12 9.431e-12 7.6933e-12 5.1903e-12 3.6996e-12 4.2696e-12 4.1124e-12 4.75e-12 3.2881e-12 3.9114e-12 4.724e-12 2.3392e-12 2.3665e-12 2.4249e-12
1.6329e-11 1.0077e-11 1.6832e-11 1.2342e-11 1.0405e-11 1.1385e-11 1.4573e-11 1.3165e-11 1.4453e-11 1.3644e-11 1.1442e-11 8.7961e-12 6.4051e-12 4.6386e-12 5.3806e-12 4.6656e-12 4.4595e-12 3.1888e-12 3.4139e-12 3.7796e-12 4.3154e-12 2.3502e-12 2.2539e-12 2.4896e-12
1.919e-11 1.1345e-11 1.5505e-11 1.3975e-11 1.1364e-11 1.2384e-11 1.2427e-11 1.1762e-11 1.5219e-11 1.2041e-11 7.3919e-12 1.0838e-11 7.5483e-12 4.529e-12 4.0223e-12 4.1696e-12 3.7112e-12 5.0303e-12 4.1214e-12 3.8083e-12 4.269e-12 2.0947e-12 2.7878e-12 2.4074e-12
1.6327e-11 1.1177e-11 1.3264e-11 1.2576e-11 1.2298e-11 1.1833e-11 1.3131e-11 1.4166e-11 1.0969e-11 5.7513e-12 1.105e-11 7.2384e-12 7.9931e-12 5.7888e-12 6.6585e-12 4.7761e-12 4.4873e-12 4.4087e-12 4.1326e-12 4.2332e-12 2.1871e-12 3.8379e-12 2.7288e-12 3.1305e-12
1.3738e-11 1.2703e-11 1.4655e-11 1.3279e-11 1.2429e-11 1.1637e-11 1.1647e-11 1.3216e-11 1.0056e-11 9.3611e-12 5.8791e-12 7.4489e-12 6.7589e-12 6.7553e-12 5.6974e-12 5.2404e-12 3.3841e-12 3.3571e-12 3.3143e-12 3.0575e-12 2.681e-12 2.6828e-12 3.3828e-12 3.6052e-12
1.4955e-11 1.3346e-11 1.3321e-11 1.4501e-11 1.4553e-11 1.4623e-11 1.3366e-11 1.3139e-11 1.08e-11 1.1e-11 5.807e-12 6.2946e-12 8.387e-12 6.0765e-12 5.4931e-12 5.2158e-12 3.4906e-12 3.0796e-12 3.6428e-12 3.4767e-12 2.7802e-12 2.9029e-12 3.2298e-12 4.0262e-12
1.5305e-11 1.6772e-11 1.1667e-11 1.0545e-11 1.1889e-11 1.0661e-11 1.225e-11 1.5979e-11 1.4383e-11 1.1676e-11 8.2639e-12 9.8092e-12 6.6092e-12 5.9997e-12 4.8374e-12 5.0578e-12 3.5575e-12 3.6078e-12 3.3116e-12 3.1437e-12 2.5158e-12 2.4618e-12 3.2558e-12 3.4233e-12
1.0028e-11 1.0445e-11 1.268e-11 1.2183e-11 1.3549e-11 1.2143e-11 1.153e-11 1.3024e-11 1.3892e-11 1.3678e-11 9.7523e-12 9.8619e-12 5.3034e-12 4.6621e-12 5.6812e-12 5.8204e-12 3.9844e-12 3.5895e-12 3.8504e-12 3.9056e-12 3.4848e-12 3.6344e-12 2.369e-12 2.8177e-12
1.3783e-11 1.4316e-11 1.267e-11 1.2509e-11 1.0531e-11 1.0619e-11 1.5677e-11 1.171e-11 9.9508e-12 1.1069e-11 8.3738e-12 8.7741e-12 6.5564e-12 6.6301e-12 6.0228e-12 5.4139e-12 3.0817e-12 3.5719e-12 3.697e-12 3.3532e-12 2.1963e-12 2.552e-12 2.9532e-12 3.3748e-12
1.3437e-11 1.4033e-11 1.1397e-11 1.2629e-11 1.1729e-11 1.2212e-11 1.0739e-11 1.2387e-11 1.1132e-11 9.5079e-12 6.1552e-12 5.5233e-12 6.8583e-12 6.9651e-12 5.5107e-12 5.6678e-12 3.6043e-12 3.6477e-12 3.8302e-12 3.6989e-12 2.7262e-12 3.0913e-12 3.5132e-12 3.5329e-12
1.2619e-11 1.1836e-11 1.2351e-11 1.2565e-11 1.0787e-11 1.0248e-11 9.8966e-12 1.0554e-11 6.095e-12 5.2173e-12 5.336e-12 5.2483e-12 6.5884e-12 6.9009e-12 6.9303e-12 7.7086e-12 2.9877e-12 2.9836e-12 3.0339e-12 3.0269e-12 3.48e-12 3.125e-12 3.0444e-12 3.0507e-12
1.4393e-11 1.3259e-11 1.2546e-11 1.1605e-11 1.0711e-11 1.2189e-11 1.1903e-11 1.3334e-11 1.2139e-11 6.4783e-12 1.1812e-11 7.8897e-12 7.88e-12 5.198e-12 6.8405e-12 5.8568e-12 5.3948e-12 4.2267e-12 3.7978e-12 4.8948e-12 2.2485e-12 3.3763e-12 3.0535e-12 3.6998e-12
1.7181e-11 1.1787e-11 1.2249e-11 1.5517e-11 1.2325e-11 1.3e-11 1.1711e-11 1.1553e-11 1.4938e-11 1.1551e-11 6.7886e-12 8.7509e-12 6.4757e-12 5.3461e-12 4.2899e-12 4.214e-12 4.7906e-12 4.3978e-12 4.1503e-12 3.5534e-12 3.8318e-12 2.0862e-12 2.408e-12 2.4122e-12
1.3825e-11 1.2172e-11 1.4259e-11 1.381e-11 1.0893e-11 1.3565e-11 1.7945e-11 1.2446e-11 1.1472e-11 1.2511e-11 1.2577e-11 8.1263e-12 5.7703e-12 4.5275e-12 5.3331e-12 5.27e-12 3.5367e-12 4.2937e-12 3.7984e-12 3.2083e-12 3.8362e-12 2.5811e-12 2.3635e-12 2.2017e-12
1.99e-11 1.0836e-11 1.4433e-11 1.614e-11 9.8122e-12 1.3651e-11 1.2563e-11 1.3601e-11 1.8359e-11 1.2025e-11 6.8527e-12 1.0248e-11 7.1493e-12 4.9404e-12 4.6889e-12 4.4964e-12 4.7799e-12 4.7175e-12 4.2136e-12 3.5682e-12 4.2552e-12 2.1007e-12 2.786e-12 2.6108e-12
1.452e-11 1.2579e-11 1.3444e-11 1.4176e-11 1.2423e-11 1.3338e-11 1.2997e-11 1.1712e-11 1.2471e-11 6.6024e-12 1.0853e-11 9.0853e-12 8.8557e-12 5.8017e-12 5.9374e-12 6.18e-12 4.5436e-12 4.3541e-12 4.1843e-12 4.4189e-12 2.52e-12 3.0441e-12 2.7518e-12 3.0294e-12
1.2133e-11 1.3016e-11 1.3126e-11 1.3694e-11 1.1311e-11 1.2219e-11 1.1363e-11 1.1195e-11 1.0736e-11 8.6211e-12 6.0706e-12 7.407e-12 7.7886e-12 7.0375e-12 5.6375e-12 5.4325e-12 3.8259e-12 3.5896e-12 3.1176e-12 3.8113e-12 2.5321e-12 2.9537e-12 3.2237e-12 3.312e-12
1.8267e-11 1.1497e-11 1.3949e-11 1.4117e-11 1.0406e-11 1.208e-11 1.4388e-11 1.1373e-11 1.5385e-11 1.1744e-11 8.0308e-12 8.8206e-12 6.6972e-12 4.883e-12 3.9418e-12 4.1275e-12 4.9419e-12 4.1983e-12 3.8324e-12 4.0609e-12 3.6094e-12 2.2025e-12 2.5538e-12 2.5639e-12
2.9808e-11 1.6207e-11 1.4698e-11 1.409e-11 1.7397e-11 1.1724e-11 1.1013e-11 1.3318e-11 7.3087e-12 1.5009e-11 1.4914e-11 8.401e-12 8.0085e-12 7.1121e-12 5.8676e-12 4.2438e-12 4.9825e-12 5.4007e-12 3.3376e-12 3.4248e-12 3.4651e-12 2.4816e-12 2.1827e-12 2.3193e-12
3.23e-11 1.7155e-11 2.1264e-11 1.2831e-11 1.6388e-11 1.0097e-11 1.0625e-11 1.0235e-11 1.7272e-11 1.2504e-11 5.0521e-12 8.2974e-12 8.1552e-12 8.0629e-12 5.3939e-12 4.7746e-12 4.5519e-12 4.9452e-12 4.8901e-12 3.3798e-12 3.4174e-12 2.5809e-12 2.1422e-12 2.2087e-12
2.6125e-11 1.5789e-11 1.5355e-11 1.4449e-11 1.4944e-11 1.2036e-11 1.0459e-11 1.4389e-11 7.1867e-12 1.6499e-11 1.4446e-11 7.4984e-12 8.0914e-12 5.7946e-12 5.5331e-12 4.0823e-12 4.1665e-12 5.5127e-12 3.7849e-12 3.1932e-12 3.3727e-12 2.466e-12 2.2866e-12 2.3225e-12
1.7261e-11 1.1562e-11 1.3038e-11 1.4397e-11 1.1097e-11 1.1461e-11 1.2156e-11 1.1632e-11 1.4593e-11 1.1282e-11 7.5862e-12 1.2586e-11 7.4607e-12 5.1033e-12 3.5832e-12 4.3453e-12 4.4221e-12 5.2113e-12 4.0493e-12 4.0686e-12 4.2335e-12 2.367e-12 2.3478e-12 2.5117e-12
1.2378e-11 1.19e-11 1.2631e-11 1.1846e-11 1.1319e-11 1.1715e-11 1.3386e-11 1.2904e-11 1.111e-11 1.156e-11 9.8206e-12 9.9243e-12 6.9633e-12 5.9996e-12 5.8434e-12 6.0867e-12 4.0054e-12 3.4626e-12 3.7098e-12 3.2807e-12 2.5785e-12 2.2156e-12 3.0309e-12 3.0149e-12
1.5993e-11 1.2178e-11 1.4769e-11 1.3329e-11 9.347e-12 1.2671e-11 1.3213e-11 1.2452e-11 1.2986e-11 1.6211e-11 1.1363e-11 7.4062e-12 5.6247e-12 5.1829e-12 5.0149e-12 4.8308e-12 3.252e-12 4.6083e-12 3.8407e-12 2.8331e-12 3.9268e-12 2.6317e-12 2.5111e-12 2.4081e-12
3.5562e-11 1.9705e-11 2.1797e-11 1.2656e-11 1.2113e-11 9.2964e-12 9.3255e-12 1.0131e-11 1.3934e-11 1.5846e-11 6.1497e-12 8.0523e-12 7.7709e-12 7.9053e-12 5.7724e-12 4.8199e-12 5.8554e-12 4.5842e-12 5.8717e-12 4.2614e-12 3.3106e-12 2.5074e-12 2.4943e-12 1.8837e-12
8.4767e-11 1.1745e-10 7.2533e-11 1.3846e-11 1.1891e-11 8.9459e-12 9.99e-12 6.4281e-12 5.6615e-12 1.2305e-11 1.5721e-11 1.5429e-11 7.2746e-12 8.116e-12 4.8951e-12 3.9238e-12 4.0011e-12 4.6834e-12 4.9538e-12 2.7909e-12 3.2129e-12 2.5404e-12 2.325e-12 2.2935e-12
3.9174e-11 2.2663e-11 2.0951e-11 1.7373e-11 1.1587e-11 1.0167e-11 1.0279e-11 1.1392e-11 1.6257e-11 1.7222e-11 7.5911e-12 7.0083e-12 7.2592e-12 8.065e-12 5.229e-12 3.8319e-12 5.0412e-12 4.5556e-12 5.4853e-12 3.3613e-12 3.187e-12 2.4036e-12 2.213e-12 1.9764e-12
1.4075e-11 1.3116e-11 1.2285e-11 1.3775e-11 1.051e-11 1.1107e-11 1.5829e-11 1.3228e-11 1.0703e-11 1.5126e-11 1.0223e-11 8.5014e-12 6.5153e-12 4.6926e-12 5.3205e-12 4.6526e-12 3.8841e-12 4.5487e-12 3.8635e-12 3.0383e-12 3.3031e-12 2.7639e-12 2.4008e-12 2.5734e-12
1.0925e-11 1.3743e-11 1.3758e-11 1.1227e-11 1.3758e-11 1.1682e-11 1.3402e-11 1.0257e-11 1.1667e-11 1.7411e-11 8.5257e-12 9.9284e-12 4.6885e-12 4.1074e-12 5.459e-12 5.5134e-12 3.9976e-12 4.0003e-12 3.662e-12 3.8017e-12 3.4497e-12 3.5401e-12 2.3912e-12 2.9924e-12
1.4764e-11 1.0973e-11 1.5353e-11 1.6036e-11 1.1125e-11 1.1792e-11 1.2403e-11 1.2177e-11 1.7904e-11 1.0865e-11 6.616e-12 1.1474e-11 7.4345e-12 5.4216e-12 4.4686e-12 4.2939e-12 5.5485e-12 4.2918e-12 3.8663e-12 3.5751e-12 4.5264e-12 2.2499e-12 2.7074e-12 2.3563e-12
2.8174e-11 1.4993e-11 1.5433e-11 1.6563e-11 1.8038e-11 1.1179e-11 9.3754e-12 1.2072e-11 5.8964e-12 1.4115e-11 1.4493e-11 8.5926e-12 7.4014e-12 6.4099e-12 5.4156e-12 4.1113e-12 4.9762e-12 5.4008e-12 3.7495e-12 3.4226e-12 3.3599e-12 2.5406e-12 2.5585e-12 2.2494e-12
4.0498e-11 2.0712e-11 2.3152e-11 1.3075e-11 1.1838e-11 9.9867e-12 1.1249e-11 1.018e-11 1.4942e-11 1.5234e-11 6.6368e-12 7.0725e-12 7.8916e-12 7.9206e-12 4.9103e-12 4.5025e-12 5.3979e-12 4.5021e-12 5.045e-12 3.1489e-12 3.0638e-12 3.0479e-12 2.7159e-12 2.0678e-12
2.5068e-11 1.8482e-11 1.4923e-11 1.2206e-11 1.4918e-11 9.8757e-12 1.0505e-11 1.289e-11 7.1668e-12 1.3808e-11 1.5104e-11 8.7049e-12 7.1251e-12 5.6506e-12 5.3835e-12 3.9646e-12 4.9987e-12 5.3443e-12 3.3655e-12 3.4212e-12 3.4244e-12 2.4011e-12 2.3905e-12 2.197e-12
1.7018e-11 1.1545e-11 1.2887e-11 1.2571e-11 1.1325e-11 1.2036e-11 1.2882e-11 1.3753e-11 1.5731e-11 1.2712e-11 7.8351e-12 8.6749e-12 7.1544e-12 4.907e-12 5.3619e-12 3.7591e-12 4.6744e-12 4.617e-12 3.9141e-12 3.4943e-12 4.4959e-12 2.114e-12 2.7748e-12 2.3572e-12
1.121e-11 1.4037e-11 1.4712e-11 1.1259e-11 1.0142e-11 1.1113e-11 1.3563e-11 1.3873e-11 1.3621e-11 1.203e-11 1.027e-11 9.0957e-12 7.3621e-12 6.1718e-12 5.5361e-12 5.3948e-12 3.4736e-12 3.5133e-12 3.8864e-12 3.352e-12 2.3912e-12 2.4364e-12 3.3469e-12 2.9725e-12
1.5323e-11 1.1145e-11 1.3407e-11 1.2425e-11 1.1058e-11 1.1645e-11 1.111e-11 1.2022e-11 1.0918e-11 5.5167e-12 9.8377e-12 8.168e-12 8.2225e-12 5.1556e-12 5.9591e-12 5.5173e-12 5.9537e-12 4.3883e-12 3.8696e-12 4.4305e-12 2.1036e-12 3.1964e-12 3.0321e-12 2.7316e-12
1.8365e-11 1.3327e-11 1.4863e-11 1.3861e-11 1.1495e-11 9.9356e-12 1.348e-11 1.3308e-11 1.5389e-11 1.0758e-11 7.8472e-12 9.5459e-12 7.3209e-12 5.0842e-12 3.8241e-12 4.2477e-12 4.5635e-12 4.5532e-12 3.9361e-12 4.0197e-12 4.3468e-12 2.2108e-12 2.3449e-12 2.6152e-12
1.2897e-11 1.257e-11 1.6227e-11 1.3414e-11 1.1546e-11 1.3419e-11 1.4604e-11 1.2248e-11 1.2219e-11 1.3359e-11 1.1124e-11 9.1199e-12 5.9783e-12 4.3386e-12 5.2324e-12 4.1099e-12 3.2855e-12 4.8219e-12 3.7377e-12 3.1417e-12 3.111e-12 2.4286e-12 1.9634e-12 2.4889e-12
1.6742e-11 1.0829e-11 1.0774e-11 1.5534e-11 1.1091e-11 1.375e-11 1.2911e-11 1.1169e-11 1.5967e-11 9.8209e-12 7.7019e-12 1.0228e-11 8.079e-12 4.4299e-12 4.5512e-12 4.0787e-12 4.3829e-12 4.2855e-12 3.8896e-12 3.7615e-12 3.6869e-12 2.2961e-12 2.8807e-12 2.9122e-12
1.4842e-11 1.1872e-11 1.1194e-11 1.6221e-11 1.3198e-11 1.4635e-11 1.2985e-11 1.4036e-11 1.2348e-11 5.6939e-12 1.1414e-11 8.7888e-12 7.7107e-12 5.2136e-12 5.9227e-12 5.9495e-12 4.7289e-12 4.2845e-12 3.9932e-12 5.3356e-12 2.0891e-12 3.1927e-12 3.2418e-12 2.8141e-12
1.3159e-11 1.4701e-11 1.2663e-11 1.1125e-11 1.2688e-11 1.3295e-11 1.2725e-11 1.1653e-11 9.2138e-12 9.1926e-12 7.5272e-12 5.9257e-12 6.6682e-12 8.6665e-12 6.0626e-12 5.1492e-12 3.3561e-12 3.8086e-12 4.1269e-12 3.4298e-12 2.5067e-12 2.8701e-12 3.1473e-12 3.5362e-12
1.2649e-11 1.2637e-11 1.2264e-11 1.3361e-11 1.3374e-11 1.4782e-11 1.1572e-11 1.1759e-11 7.7685e-12 8.5054e-12 6.4213e-12 6.9229e-12 6.8789e-12 7.0921e-12 4.7576e-12 5.3355e-12 3.7414e-12 4.0172e-12 3.6005e-12 3.5186e-12 3.0045e-12 2.9661e-12 3.6611e-12 3.3816e-12
1.3363e-11 1.2698e-11 1.4275e-11 1.4111e-11 1.0362e-11 1.3335e-11 1.2775e-11 1.2616e-11 1.2777e-11 1.4197e-11 9.1126e-12 9.0303e-12 5.3583e-12 6.4943e-12 5.8145e-12 5.48e-12 3.5068e-12 3.2853e-12 3.7627e-12 3.4923e-12 2.5011e-12 2.2743e-12 3.0141e-12 3.7049e-12
1.1466e-11 1.1094e-11 1.3947e-11 1.4924e-11 9.5441e-12 1.3184e-11 1.2421e-11 1.3092e-11 1.6328e-11 1.4564e-11 8.8865e-12 9.2843e-12 5.4082e-12 4.6528e-12 5.1351e-12 6.2548e-12 3.9192e-12 3.8062e-12 3.5759e-12 3.7354e-12 3.6436e-12 3.9182e-12 2.4467e-12 2.5424e-12
1.0888e-11 1.1081e-11 1.159e-11 1.2064e-11 1.1727e-11 1.1701e-11 1.3012e-11 1.6038e-11 1.3175e-11 1.1016e-11 7.416e-12 9.2464e-12 5.7298e-12 7.3434e-12 5.3393e-12 5.841e-12 4.0326e-12 3.4052e-12 3.8613e-12 3.1547e-12 2.3116e-12 2.4349e-12 3.4308e-12 3.2338e-12
1.5634e-11 1.1718e-11 1.1674e-11 1.2813e-11 1.3922e-11 1.2725e-11 1.2692e-11 1.4647e-11 9.1263e-12 7.909e-12 6.159e-12 6.5894e-12 7.2303e-12 7.4332e-12 5.6039e-12 5.2794e-12 3.5929e-12 3.5786e-12 4.2994e-12 3.3712e-12 2.7571e-12 2.9371e-12 3.455e-12 4.0633e-12
1.1064e-11 1.4134e-11 1.5142e-11 1.401e-11 1.156e-11 1.236e-11 1.0441e-11 1.0821e-11 5.6044e-12 5.7936e-12 5.1683e-12 5.0003e-12 8.498e-12 6.9706e-12 8.038e-12 8.7427e-12 4.1606e-12 3.3423e-12 3.4687e-12 3.4555e-12 3.2074e-12 3.451e-12 3.4367e-12 3.3909e-12
1.5415e-11 1.2803e-11 1.1311e-11 1.2031e-11 1.2643e-11 1.5111e-11 1.0701e-11 1.3261e-11 5.2388e-12 1.4453e-11 9.3458e-12 8.7961e-12 7.3447e-12 5.0847e-12 6.442e-12 5.5842e-12 4.9559e-12 3.838e-12 4.1103e-12 4.7505e-12 2.4281e-12 3.6268e-12 3.0988e-12 2.8609e-12
1.3974e-11 1.7771e-11 1.4167e-11 1.6276e-11 1.1453e-11 1.1814e-11 1.346e-11 1.46e-11 1.0817e-11 1.0601e-11 7.7567e-12 9.7861e-12 6.5805e-12 5.3618e-12 4.6392e-12 3.7458e-12 4.6488e-12 4.8673e-12 4.1558e-12 4.1302e-12 3.6285e-12 2.1863e-12 2.4339e-12 2.3686e-12
1.5151e-11 1.2994e-11 1.6188e-11 1.0249e-11 1.2354e-11 1.3327e-11 1.0785e-11 1.5429e-11 1.2662e-11 1.022e-11 1.2986e-11 9.3297e-12 4.7561e-12 6.3773e-12 6.1536e-12 4.7642e-12 3.5414e-12 3.9073e-12 4.1281e-12 3.3004e-12 3.5613e-12 2.8995e-12 2.1837e-12 2.1414e-12
1.5287e-11 1.4074e-11 1.3424e-11 1.3166e-11 1.135e-11 1.1917e-11 1.5446e-11 1.4541e-11 1.0164e-11 1.0381e-11 8.4123e-12 1.0431e-11 7.1901e-12 4.4316e-12 4.8977e-12 4.1603e-12 4.6552e-12 4.2079e-12 3.788e-12 3.5239e-12 4.9103e-12 2.4653e-12 2.6931e-12 2.5036e-12
1.7005e-11 1.317e-11 1.2585e-11 1.2547e-11 1.3747e-11 1.5261e-11 1.088e-11 1.27e-11 5.6335e-12 1.4547e-11 1.0237e-11 1.008e-11 8.0003e-12 6.4565e-12 6.5849e-12 5.7954e-12 5.3194e-12 4.2158e-12 4.237e-12 4.7811e-12 2.1525e-12 3.3731e-12 3.532e-12 3.1104e-12
1.4733e-11 1.3103e-11 1.1736e-11 1.3485e-11 1.2069e-11 1.25e-11 1.2442e-11 1.038e-11 7.0954e-12 7.1556e-12 8.0351e-12 7.3914e-12 8.1784e-12 6.9797e-12 6.3814e-12 5.3743e-12 4.5427e-12 4.0226e-12 3.6999e-12 4.0847e-12 2.6268e-12 2.6458e-12 3.9082e-12 4.192e-12
1.4165e-11 1.4694e-11 1.2385e-11 1.3489e-11 1.0944e-11 1.0755e-11 1.3087e-11 1.5526e-11 1.147e-11 1.032e-11 8.7387e-12 1.1992e-11 7.5214e-12 4.7808e-12 4.3815e-12 4.7957e-12 5.3004e-12 4.4082e-12 3.8789e-12 3.5526e-12 4.1828e-12 2.4922e-12 2.6529e-12 2.4424e-12
2.1402e-11 1.9953e-11 1.8985e-11 1.1226e-11 1.6821e-11 1.0403e-11 1.0655e-11 1.3612e-11 1.3164e-11 1.4662e-11 6.5578e-12 8.423e-12 8.2765e-12 7.7594e-12 4.7343e-12 4.0098e-12 3.9858e-12 4.3447e-12 3.9504e-12 3.3591e-12 3.8622e-12 2.2934e-12 2.3731e-12 2.3482e-12
3.1876e-11 1.5691e-11 1.7573e-11 1.5662e-11 1.3076e-11 1.0134e-11 1.0972e-11 1.0499e-11 1.4622e-11 1.3443e-11 9.8812e-12 7.3056e-12 8.9482e-12 6.8806e-12 4.2285e-12 4.3933e-12 5.4732e-12 4.6827e-12 5.1208e-12 3.6561e-12 3.4316e-12 2.6705e-12 2.1247e-12 2.1304e-12
2.1278e-11 1.6883e-11 1.6185e-11 1.367e-11 1.5492e-11 1.0911e-11 9.2279e-12 1.0965e-11 1.6408e-11 1.5488e-11 6.0995e-12 9.0423e-12 7.933e-12 5.7493e-12 5.9039e-12 4.0729e-12 4.4771e-12 4.648e-12 3.6319e-12 4.2341e-12 3.4784e-12 2.527e-12 2.0099e-12 2.3536e-12
1.545e-11 1.6386e-11 1.486e-11 1.2908e-11 1.0861e-11 1.1913e-11 1.6364e-11 1.5026e-11 9.7865e-12 1.1376e-11 7.2426e-12 9.5362e-12 7.0835e-12 4.8977e-12 4.4465e-12 5.4071e-12 4.8187e-12 4.5742e-12 3.9759e-12 3.2421e-12 3.9548e-12 2.3303e-12 2.3039e-12 2.3284e-12
1.2055e-11 1.1214e-11 1.3269e-11 1.4451e-11 1.1148e-11 1.1788e-11 1.2311e-11 1.2502e-11 1.1386e-11 1.4546e-11 1.0234e-11 9.6098e-12 5.6105e-12 5.329e-12 5.6062e-12 5.5063e-12 3.5932e-12 3.4722e-12 3.594e-12 4.5326e-12 2.319e-12 2.3713e-12 3.0467e-12 3.0049e-12
1.5551e-11 1.4887e-11 1.2005e-11 1.0977e-11 1.4658e-11 1.3824e-11 1.0704e-11 1.2543e-11 1.5235e-11 1.083e-11 1.3157e-11 1.0394e-11 5.7518e-12 5.3289e-12 5.3173e-12 4.4261e-12 3.8262e-12 3.8444e-12 3.9373e-12 3.0948e-12 3.8353e-12 2.766e-12 2.2306e-12 2.4664e-12
2.8292e-11 1.6247e-11 1.7508e-11 1.8197e-11 1.3515e-11 1.0487e-11 1.1628e-11 7.9784e-12 1.7477e-11 1.6741e-11 7.731e-12 7.3748e-12 7.5912e-12 8.0261e-12 4.1428e-12 3.9882e-12 4.292e-12 4.6213e-12 4.6296e-12 3.2756e-12 3.1093e-12 2.6977e-12 2.2178e-12 2.1098e-12
2.4615e-11 2.2299e-11 2.887e-11 1.1987e-11 1.3391e-11 1.6081e-11 8.8804e-12 1.0153e-11 6.3788e-12 6.0524e-12 1.8486e-11 1.7299e-11 8.0295e-12 7.9203e-12 5.2556e-12 3.7963e-12 4.2269e-12 5.2991e-12 6.1083e-12 3.3449e-12 3.488e-12 2.432e-12 2.0987e-12 2.1444e-12
2.7082e-11 1.3298e-11 1.903e-11 1.4976e-11 1.2721e-11 1.0835e-11 1.2239e-11 1.0149e-11 1.5783e-11 1.7063e-11 6.9194e-12 5.9174e-12 8.7059e-12 8.8861e-12 4.1173e-12 4.4294e-12 5.6374e-12 5.0236e-12 4.177e-12 3.52e-12 3.1051e-12 2.3974e-12 2.2674e-12 2.1911e-12
1.6609e-11 1.5068e-11 1.1775e-11 1.3459e-11 1.3746e-11 1.2425e-11 1.0027e-11 1.2574e-11 1.2481e-11 1.1573e-11 1.2579e-11 8.6402e-12 5.7515e-12 5.9732e-12 7.0594e-12 4.6104e-12 4.0722e-12 4.5833e-12 4.2226e-12 3.0083e-12 3.9094e-12 2.679e-12 2.2996e-12 2.3882e-12
1.3462e-11 1.1932e-11 1.2137e-11 1.0988e-11 1.0881e-11 1.2839e-11 1.5902e-11 1.7024e-11 1.3152e-11 1.6994e-11 8.95e-12 8.539e-12 3.9081e-12 3.7253e-12 5.3029e-12 5.0006e-12 4.7433e-12 4.7021e-12 3.8562e-12 3.8164e-12 3.1747e-12 3.2809e-12 2.5009e-12 2.8083e-12
1.5416e-11 1.4271e-11 1.3707e-11 1.2967e-11 1.2804e-11 1.0511e-11 1.3899e-11 1.7113e-11 1.2071e-11 9.5595e-12 7.4494e-12 9.5945e-12 6.4515e-12 4.5863e-12 4.893e-12 5.0426e-12 4.5476e-12 4.7e-12 3.8671e-12 3.3027e-12 3.884e-12 2.5226e-12 2.4743e-12 2.3439e-12
2.1303e-11 1.8782e-11 1.4953e-11 1.5228e-11 1.6303e-11 9.9046e-12 1.2558e-11 1.3554e-11 1.6788e-11 1.3878e-11 7.2089e-12 8.4895e-12 9.5692e-12 6.3426e-12 5.1228e-12 4.2459e-12 5.0895e-12 4.2736e-12 4.0051e-12 3.6169e-12 3.8273e-12 2.4527e-12 2.2827e-12 2.2965e-12
3.133e-11 1.5143e-11 1.7385e-11 1.3849e-11 1.2811e-11 1.2796e-11 1.3831e-11 9.9923e-12 1.5326e-11 1.3683e-11 7.6762e-12 6.4228e-12 8.7823e-12 6.8311e-12 4.3861e-12 5.0562e-12 5.4265e-12 3.8422e-12 4.5737e-12 3.446e-12 3.2186e-12 2.5135e-12 2.5966e-12 2.0059e-12
2.1534e-11 1.6762e-11 1.587e-11 1.2356e-11 1.7042e-11 1.0783e-11 8.8895e-12 1.2428e-11 1.4815e-11 1.6387e-11 6.1913e-12 9.7387e-12 7.9382e-12 6.0368e-12 5.7996e-12 4.3388e-12 4.7813e-12 4.5798e-12 3.6358e-12 3.481e-12 3.3577e-12 2.4808e-12 2.4801e-12 2.4791e-12
1.6159e-11 1.2034e-11 1.5775e-11 1.3296e-11 1.1195e-11 1.1036e-11 1.6252e-11 1.7638e-11 1.001e-11 1.2137e-11 9.7294e-12 8.7982e-12 7.3894e-12 5.0389e-12 4.0993e-12 4.0684e-12 5.1114e-12 3.9429e-12 4.0224e-12 3.5024e-12 3.7494e-12 2.3625e-12 2.4105e-12 2.464e-12
1.0683e-11 1.1948e-11 1.3049e-11 1.4721e-11 1.093e-11 1.1309e-11 1.2549e-11 1.2617e-11 1.302e-11 1.1619e-11 1.0208e-11 9.1196e-12 5.5157e-12 4.5117e-12 6.2685e-12 6.4175e-12 3.4646e-12 3.608e-12 3.7849e-12 3.704e-12 2.4038e-12 2.248e-12 3.066e-12 2.9701e-12
1.6066e-11 1.2676e-11 1.4807e-11 1.1949e-11 1.2835e-11 1.3336e-11 1.2736e-11 1.3086e-11 5.8677e-12 1.3132e-11 1.0178e-11 7.896e-12 9.0777e-12 5.0029e-12 5.2113e-12 5.2963e-12 6.4015e-12 3.9048e-12 3.9764e-12 5.132e-12 2.5219e-12 3.5491e-12 2.9593e-12 3.5573e-12
1.6226e-11 1.4733e-11 1.3204e-11 1.4084e-11 1.1257e-11 1.0641e-11 1.2904e-11 1.502e-11 1.0936e-11 9.1979e-12 8.1244e-12 9.0147e-12 7.4198e-12 6.2445e-12 4.9468e-12 4.0039e-12 4.2439e-12 4.4475e-12 3.7481e-12 3.8912e-12 4.0989e-12 2.5236e-12 2.7614e-12 2.3923e-12
1.5357e-11 1.5491e-11 1.3377e-11 1.0823e-11 1.4754e-11 1.3774e-11 1.1056e-11 1.1831e-11 1.334e-11 1.194e-11 1.2607e-11 9.0361e-12 5.3605e-12 6.0874e-12 6.5544e-12 4.2823e-12 3.434e-12 3.7183e-12 3.547e-12 2.9427e-12 4.116e-12 2.5297e-12 2.2657e-12 2.4531e-12
1.6474e-11 1.2404e-11 1.4789e-11 1.3478e-11 1.2322e-11 1.1828e-11 1.3515e-11 1.3934e-11 1.1824e-11 1.0412e-11 7.5222e-12 8.7427e-12 8.147e-12 5.534e-12 4.1785e-12 3.7889e-12 4.9556e-12 4.8015e-12 4.1928e-12 3.8697e-12 4.2049e-12 2.1817e-12 2.3811e-12 2.9695e-12
1.5714e-11 1.0526e-11 1.1712e-11 1.2007e-11 1.2868e-11 1.3992e-11 1.1285e-11 1.2262e-11 6.4344e-12 1.2804e-11 1.0491e-11 7.6353e-12 9.33e-12 4.9813e-12 7.1628e-12 5.4914e-12 5.7396e-12 4.1324e-12 4.3942e-12 4.9268e-12 2.2513e-12 3.2342e-12 2.7842e-12 2.9728e-12
1.1541e-11 1.3652e-11 1.3077e-11 1.295e-11 1.3455e-11 1.3125e-11 1.1014e-11 1.0845e-11 9.4844e-12 9.5524e-12 8.3723e-12 7.4469e-12 6.1381e-12 7.4648e-12 6.8289e-12 5.9355e-12 4.8307e-12 4.431e-12 3.9133e-12 3.9741e-12 2.5717e-12 2.9039e-12 3.5057e-12 3.5388e-12
1.2539e-11 1.365e-11 1.4152e-11 1.6544e-11 1.3924e-11 1.0707e-11 1.1054e-11 1.384e-11 8.9049e-12 8.1061e-12 6.828e-12 8.116e-12 7.1183e-12 7.0032e-12 5.4322e-12 5.6021e-12 4.3326e-12 3.9537e-12 3.8059e-12 3.9672e-12 3.0373e-12 2.9727e-12 3.6794e-12 3.5987e-12
1.0282e-11 1.1826e-11 1.2635e-11 1.4639e-11 1.2485e-11 1.1017e-11 1.3004e-11 1.247e-11 1.0964e-11 1.0229e-11 1.0404e-11 8.9624e-12 5.5286e-12 5.629e-12 5.8682e-12 5.2784e-12 3.9828e-12 3.6747e-12 4.3128e-12 3.8076e-12 2.7448e-12 2.3786e-12 3.0326e-12 3.122e-12
1.1135e-11 1.2261e-11 1.2025e-11 1.467e-11 1.1564e-11 1.1338e-11 1.1633e-11 1.3208e-11 1.6282e-11 1.3492e-11 8.9955e-12 9.6384e-12 4.2469e-12 3.9495e-12 5.5131e-12 4.5367e-12 4.5154e-12 4.1886e-12 3.4459e-12 3.766e-12 3.8452e-12 3.1337e-12 2.4812e-12 2.9547e-12
1.2367e-11 1.2078e-11 1.3812e-11 1.2001e-11 1.4996e-11 1.3568e-11 1.3741e-11 1.2527e-11 1.0737e-11 9.5556e-12 1.0065e-11 8.8763e-12 5.0444e-12 5.4375e-12 5.6884e-12 5.9692e-12 4.057e-12 3.4877e-12 3.4528e-12 3.7067e-12 2.6428e-12 2.4043e-12 3.271e-12 3.0546e-12
1.287e-11 1.5759e-11 1.1588e-11 1.3044e-11 1.2676e-11 1.4426e-11 1.0197e-11 1.0426e-11 8.4103e-12 8.9608e-12 8.1958e-12 7.7366e-12 7.6886e-12 7.5147e-12 6.1568e-12 5.5257e-12 4.288e-12 4.2148e-12 4.1087e-12 4.3038e-12 2.6142e-12 2.7722e-12 3.1617e-12 3.4808e-12
1.3064e-11 1.3049e-11 1.1911e-11 1.3059e-11 1.1691e-11 1.3002e-11 1.2655e-11 1.1959e-11 5.0504e-12 5.737e-12 5.6952e-12 5.0839e-12 8.6479e-12 8.2981e-12 8.619e-12 8.6582e-12 3.822e-12 4.5162e-12 3.5519e-12 3.9157e-12 3.2425e-12 3.6221e-12 3.5588e-12 3.5506e-12
1.5601e-11 1.2495e-11 1.1083e-11 1.1517e-11 1.5032e-11 1.2048e-11 1.2303e-11 1.3046e-11 6.0965e-12 1.1092e-11 1.188e-11 9.2368e-12 9.299e-12 5.2103e-12 6.1898e-12 6.3823e-12 6.1444e-12 4.4202e-12 3.6155e-12 3.7151e-12 2.712e-12 3.3181e-12 2.9092e-12 3.0899e-12
1.5538e-11 1.6144e-11 1.649e-11 1.3519e-11 1.0443e-11 1.0555e-11 1.4154e-11 1.4372e-11 1.1939e-11 9.4179e-12 6.52e-12 9.8353e-12 6.7055e-12 5.6132e-12 4.6428e-12 3.7258e-12 5.5194e-12 3.8939e-12 3.5092e-12 3.2929e-12 3.9277e-12 2.2007e-12 2.884e-12 2.5546e-12
1.3622e-11 1.4869e-11 1.2504e-11 1.0892e-11 1.4176e-11 1.1319e-11 1.5318e-11 1.5693e-11 1.3706e-11 1.2344e-11 1.0666e-11 9.5542e-12 6.1282e-12 4.7053e-12 6.7769e-12 4.1918e-12 3.9896e-12 4.1826e-12 4.6906e-12 2.966e-12 3.8789e-12 2.5212e-12 2.3659e-12 2.1768e-12
1.5274e-11 1.7783e-11 1.3521e-11 1.2458e-11 1.0287e-11 1.1825e-11 1.5927e-11 1.4526e-11 1.2645e-11 1.0371e-11 8.6776e-12 9.9117e-12 7.561e-12 5.1254e-12 4.64e-12 3.7691e-12 5.5295e-12 3.9701e-12 4.2686e-12 3.8263e-12 4.1237e-12 2.3029e-12 2.621e-12 2.6841e-12
1.7948e-11 1.3392e-11 1.1405e-11 1.117e-11 1.532e-11 1.4209e-11 1.2015e-11 1.3699e-11 5.3787e-12 1.1769e-11 1.1681e-11 7.5918e-12 9.4587e-12 5.453e-12 5.5588e-12 5.0111e-12 6.4752e-12 4.3736e-12 4.8544e-12 3.8996e-12 2.234e-12 4.1959e-12 3.1588e-12 2.969e-12
1.2749e-11 1.2004e-11 1.3829e-11 1.1414e-11 1.2525e-11 1.1414e-11 1.1044e-11 1.2262e-11 7.7743e-12 7.5153e-12 7.6741e-12 8.7236e-12 7.0715e-12 7.1625e-12 5.4666e-12 5.9096e-12 4.4212e-12 4.4154e-12 4.0897e-12 4.1999e-12 3.0079e-12 3.2802e-12 3.6767e-12 3.3842e-12
1.8567e-11 1.4952e-11 1.3685e-11 1.367e-11 1.1913e-11 1.0656e-11 1.5064e-11 1.8254e-11 1.4091e-11 1.0741e-11 7.1093e-12 9.6035e-12 7.0466e-12 5.055e-12 4.4251e-12 4.1214e-12 4.7649e-12 4.2242e-12 4.0015e-12 3.8359e-12 3.895e-12 2.3062e-12 2.69e-12 2.3809e-12
1.8869e-11 1.8388e-11 1.5832e-11 1.0291e-11 1.0286e-11 1.0448e-11 1.4761e-11 1.1854e-11 1.6e-11 1.5498e-11 6.7042e-12 8.4172e-12 7.6852e-12 5.2979e-12 5.7194e-12 3.8676e-12 4.2452e-12 4.3338e-12 4.1423e-12 3.4628e-12 3.5406e-12 2.5814e-12 2.3896e-12 2.295e-12
1.9093e-11 2.1862e-11 1.1917e-11 1.2653e-11 1.635e-11 1.1691e-11 1.0875e-11 1.0516e-11 1.6891e-11 1.576e-11 7.6766e-12 6.664e-12 8.9341e-12 7.328e-12 4.9059e-12 4.5087e-12 5.3529e-12 4.1497e-12 5.5004e-12 3.6521e-12 2.8462e-12 2.6837e-12 2.2404e-12 2.1649e-12
2.0135e-11 1.6691e-11 1.607e-11 1.077e-11 9.159e-12 1.0299e-11 1.5512e-11 1.279e-11 1.4968e-11 1.616e-11 6.383e-12 8.5747e-12 8.3912e-12 6.8127e-12 5.4872e-12 3.818e-12 4.092e-12 4.5674e-12 4.2944e-12 3.3697e-12 4.0846e-12 2.6934e-12 2.0674e-12 2.1062e-12
1.4818e-11 1.6604e-11 1.6389e-11 1.5134e-11 1.07e-11 1.0625e-11 1.4388e-11 1.5041e-11 9.7475e-12 9.121e-12 7.0906e-12 9.7784e-12 7.5371e-12 6.307e-12 4.7407e-12 4.1709e-12 5.7247e-12 4.4008e-12 5.0115e-12 3.0029e-12 3.9212e-12 2.1512e-12 2.4966e-12 2.6259e-12
8.91e-12 9.8128e-12 1.3002e-11 1.3769e-11 1.0668e-11 1.166e-11 1.6283e-11 1.1846e-11 1.0604e-11 1.1724e-11 1.1104e-11 9.2506e-12 5.9236e-12 5.5923e-12 5.4039e-12 5.8342e-12 3.926e-12 3.8063e-12 3.9062e-12 3.7754e-12 2.18e-12 2.4465e-12 3.2239e-12 3.0857e-12
1.655e-11 1.375e-11 1.1541e-11 1.0788e-11 1.1044e-11 1.036e-11 1.6276e-11 1.5099e-11 1.5948e-11 1.0304e-11 1.0664e-11 9.3959e-12 6.5835e-12 5.6244e-12 7.3789e-12 4.3971e-12 3.6605e-12 3.7576e-12 4.3878e-12 3.3624e-12 3.8986e-12 2.3128e-12 2.2232e-12 2.2976e-12
1.94e-11 2.2989e-11 1.5433e-11 1.1696e-11 1.8644e-11 1.0366e-11 9.0679e-12 9.2086e-12 1.6923e-11 1.6751e-11 7.1633e-12 7.0574e-12 8.8922e-12 7.4338e-12 4.1654e-12 4.4975e-12 5.5885e-12 3.9259e-12 4.8189e-12 3.5204e-12 3.8688e-12 3.2e-12 2.1012e-12 1.8301e-12
2.0603e-11 2.0516e-11 2.3651e-11 1.2184e-11 1.2159e-11 1.9936e-11 9.1752e-12 9.7187e-12 6.7499e-12 6.7298e-12 1.6118e-11 1.6171e-11 8.6967e-12 8.4593e-12 3.7526e-12 4.0222e-12 4.1272e-12 6.1626e-12 5.4515e-12 3.2825e-12 3.7271e-12 2.7236e-12 2.3238e-12 2.0069e-12
1.5396e-11 2.3748e-11 1.4188e-11 1.3488e-11 1.787e-11 1.232e-11 1.0018e-11 9.0869e-12 1.7193e-11 1.5169e-11 7.6162e-12 6.8906e-12 8.2635e-12 8.5652e-12 5.0248e-12 4.7939e-12 4.3957e-12 3.9309e-12 4.4257e-12 3.675e-12 3.7445e-12 2.4273e-12 2.1341e-12 1.8936e-12
1.4686e-11 1.4797e-11 1.2796e-11 1.0237e-11 1.0875e-11 9.5237e-12 1.4804e-11 1.2592e-11 1.5963e-11 1.0665e-11 1.2276e-11 9.9178e-12 6.3252e-12 5.2468e-12 7.0076e-12 4.3556e-12 4.1138e-12 4.138e-12 4.4601e-12 2.9333e-12 3.8098e-12 2.2758e-12 2.4493e-12 2.5312e-12
1.0753e-11 1.098e-11 1.3403e-11 1.2812e-11 1.1003e-11 1.124e-11 1.4873e-11 1.3148e-11 1.3735e-11 1.1387e-11 9.017e-12 8.1538e-12 3.6651e-12 3.9437e-12 5.3898e-12 5.2601e-12 5.2966e-12 4.5359e-12 3.6537e-12 3.3705e-12 3.235e-12 3.1926e-12 2.5535e-12 2.6495e-12
1.5828e-11 1.6417e-11 1.421e-11 1.4435e-11 1.0489e-11 1.1025e-11 1.3632e-11 1.2243e-11 1.1015e-11 1.0678e-11 7.0408e-12 1.0184e-11 7.3335e-12 5.1218e-12 4.3738e-12 4.494e-12 5.4499e-12 4.0494e-12 4.0402e-12 3.69e-12 3.6257e-12 2.1239e-12 2.4517e-12 2.3179e-12
2.3194e-11 1.7514e-11 1.5181e-11 1.5012e-11 1.0009e-11 9.6515e-12 1.7653e-11 1.2253e-11 1.5894e-11 1.7522e-11 6.567e-12 7.1469e-12 9.1594e-12 5.6713e-12 5.7845e-12 4.4502e-12 4.2848e-12 4.4377e-12 3.5035e-12 3.6946e-12 3.4106e-12 2.9706e-12 2.3884e-12 2.2243e-12
1.8495e-11 2.5182e-11 1.2884e-11 1.2851e-11 1.9269e-11 9.9285e-12 9.9128e-12 9.9658e-12 1.6239e-11 1.4211e-11 6.1436e-12 6.7729e-12 8.8221e-12 9.047e-12 4.8989e-12 4.6017e-12 5.3288e-12 4.3501e-12 4.4463e-12 4.1486e-12 3.6406e-12 2.4116e-12 2.1987e-12 2.0115e-12
1.8718e-11 1.8001e-11 1.5963e-11 1.3005e-11 9.9086e-12 1.1514e-11 1.7687e-11 1.0615e-11 1.286e-11 1.3368e-11 6.5872e-12 8.1974e-12 7.761e-12 6.4074e-12 5.3607e-12 4.0848e-12 4.2429e-12 4.329e-12 3.8424e-12 3.4923e-12 3.6354e-12 2.4511e-12 2.3066e-12 2.3046e-12
1.9411e-11 1.5235e-11 1.437e-11 1.3237e-11 1.0234e-11 1.0695e-11 1.3841e-11 1.3535e-11 1.0538e-11 9.7603e-12 7.0636e-12 1.0048e-11 6.7496e-12 6.4955e-12 4.9199e-12 4.5298e-12 6.7172e-12 3.929e-12 4.2497e-12 3.748e-12 3.7322e-12 2.1253e-12 2.7183e-12 2.6071e-12
1.1838e-11 1.0635e-11 1.3957e-11 1.4578e-11 1.2083e-11 1.0769e-11 1.0647e-11 1.1984e-11 1.1258e-11 9.7218e-12 8.7822e-12 1.0351e-11 5.3275e-12 4.7191e-12 5.7342e-12 6.0394e-12 4.1076e-12 3.8332e-12 4.0206e-12 4.2891e-12 2.359e-12 2.3942e-12 2.9918e-12 3.385e-12
1.7085e-11 1.152e-11 1.3659e-11 1.2824e-11 1.2162e-11 1.2549e-11 1.4831e-11 1.2309e-11 6.4218e-12 1.0874e-11 1.256e-11 8.2207e-12 9.1852e-12 5.1565e-12 6.1806e-12 5.7177e-12 6.4451e-12 5.0424e-12 4.5922e-12 3.4136e-12 2.2822e-12 3.5312e-12 3.2172e-12 3.5857e-12
1.359e-11 1.8349e-11 1.6472e-11 1.3775e-11 1.059e-11 1.142e-11 1.4947e-11 1.4343e-11 1.031e-11 9.3205e-12 7.7119e-12 1.0796e-11 6.9127e-12 5.8102e-12 5.0615e-12 4.3379e-12 5.7353e-12 4.0424e-12 3.9724e-12 3.3902e-12 3.4131e-12 2.0978e-12 2.6428e-12 2.3865e-12
1.6353e-11 1.4463e-11 1.2399e-11 1.0597e-11 1.2135e-11 1.1069e-11 1.8951e-11 1.3518e-11 1.2536e-11 1.224e-11 1.2976e-11 7.6728e-12 5.7954e-12 5.5605e-12 8.9748e-12 4.4787e-12 3.9921e-12 4.1534e-12 4.0381e-12 3.25e-12 3.5739e-12 2.7116e-12 2.2303e-12 2.6121e-12
1.3848e-11 1.2279e-11 1.3193e-11 1.2633e-11 1.044e-11 1.3201e-11 1.3996e-11 1.4184e-11 1.3272e-11 8.7623e-12 6.6779e-12 9.603e-12 6.481e-12 5.2857e-12 4.8831e-12 4.1589e-12 5.821e-12 4.3298e-12 3.9987e-12 4.5372e-12 4.3177e-12 2.3215e-12 2.5802e-12 2.5189e-12
1.5437e-11 1.1737e-11 1.1327e-11 1.5218e-11 1.3357e-11 1.2526e-11 1.2548e-11 1.3827e-11 6.3063e-12 1.1897e-11 1.1639e-11 8.2059e-12 7.3512e-12 5.222e-12 5.872e-12 5.4063e-12 5.6071e-12 4.3028e-12 4.0906e-12 3.7061e-12 2.1671e-12 3.3669e-12 3.3452e-12 2.898e-12
1.5321e-11 1.3685e-11 1.2333e-11 1.7272e-11 1.1669e-11 1.0365e-11 1.1211e-11 1.291e-11 7.3499e-12 7.6455e-12 9.4492e-12 8.7295e-12 6.4883e-12 7.4441e-12 5.9048e-12 5.6414e-12 4.3179e-12 3.7873e-12 4.0795e-12 3.8402e-12 2.7995e-12 2.8175e-12 3.6607e-12 3.9111e-12
1.3192e-11 1.2525e-11 1.5261e-11 1.407e-11 1.1924e-11 1.1428e-11 1.0823e-11 1.2831e-11 8.7509e-12 7.5714e-12 1.0329e-11 8.8871e-12 6.9008e-12 6.4456e-12 5.6458e-12 5.4572e-12 4.5974e-12 4.4344e-12 3.9985e-12 4.1354e-12 3.2161e-12 2.7708e-12 3.3531e-12 3.3523e-12
1.15e-11 1.1214e-11 1.3252e-11 1.3898e-11 1.1813e-11 1.2947e-11 1.3588e-11 1.4259e-11 1.2168e-11 1.1257e-11 9.3901e-12 8.6858e-12 4.8204e-12 5.1001e-12 5.9462e-12 5.6237e-12 3.8721e-12 3.9592e-12 4.3782e-12 3.7064e-12 2.4815e-12 2.422e-12 3.3659e-12 3.2035e-12
1.2597e-11 1.2388e-11 1.2036e-11 1.1556e-11 1.3459e-11 1.0595e-11 1.4373e-11 1.4639e-11 1.2626e-11 1.2529e-11 9.1549e-12 7.7442e-12 3.6284e-12 3.475e-12 5.1218e-12 4.5994e-12 3.9753e-12 4.8981e-12 3.6822e-12 3.8546e-12 3.5841e-12 3.1638e-12 2.4453e-12 2.6404e-12
1.2324e-11 1.1225e-11 1.329e-11 1.3756e-11 1.0401e-11 1.0837e-11 1.3404e-11 1.3321e-11 1.0982e-11 1.3638e-11 9.8433e-12 8.6366e-12 5.7047e-12 5.5691e-12 5.5316e-12 5.695e-12 3.669e-12 3.9299e-12 3.978e-12 3.7081e-12 2.3138e-12 2.6125e-12 2.9328e-12 3.8795e-12
1.5452e-11 1.5849e-11 1.1498e-11 1.2368e-11 1.159e-11 1.0699e-11 1.3336e-11 1.3526e-11 8.5889e-12 7.5793e-12 9.3347e-12 8.7457e-12 6.6637e-12 7.0256e-12 6.2737e-12 5.285e-12 5.2219e-12 4.8762e-12 3.939e-12 4.0988e-12 2.7928e-12 2.6306e-12 3.256e-12 3.3004e-12
1.1772e-11 1.2085e-11 1.1355e-11 1.2469e-11 1.2554e-11 1.2328e-11 1.3209e-11 1.4391e-11 8.1946e-12 8.9039e-12 6.9228e-12 7.9052e-12 5.497e-12 5.4142e-12 5.0778e-12 4.6879e-12 3.503e-12 4.4541e-12 4.2621e-12 3.7309e-12 3.3988e-12 3.5967e-12 4.1671e-12 3.684e-12
