1.2308e-11 9.3294e-12 1.0351e-11 9.6001e-12 5.9107e-12 6.9949e-12 7.3838e-12 4.068e-12 4.6922e-12 9.6612e-12 1.0705e-11 4.7454e-12 4.8828e-12 2.9812e-12 2.8246e-12 4.1519e-12 4.1104e-12 1.9609e-12 1.2514e-12 2.866e-12 3.8466e-12 2.1663e-12 1.7727e-12 1.5029e-12 2.7927e-12 3.1342e-12 2.4765e-12 3.1186e-12 2.7896e-12 3.6068e-12 2.4481e-12 3.0856e-12 5.3486e-12 4.5441e-12 1.5592e-12 1.5257e-12 8.8642e-13 8.1342e-13 7.9016e-13 1.2635e-12 1.5277e-12 1.2447e-12 1.5764e-12 2.2328e-12 2.8256e-12 2.483e-12 2.9445e-12 2.8495e-12
1.4602e-11 1.4756e-11 9.6109e-12 8.2153e-12 6.1072e-12 5.1371e-12 8.0536e-12 4.4434e-12 8.6747e-12 3.9756e-12 4.9352e-12 7.6456e-12 2.8052e-12 3.1146e-12 3.0018e-12 2.9661e-12 3.8914e-12 2.845e-12 3.9646e-12 2.2417e-12 3.0898e-12 2.1542e-12 2.1985e-12 1.7189e-12 2.1738e-12 3.1332e-12 4.1282e-12 3.7238e-12 2.146e-12 1.8996e-12 5.2427e-12 2.343e-12 3.2922e-12 2.057e-12 1.2229e-12 1.1019e-12 1.5245e-12 7.6009e-13 1.1436e-12 2.3709e-12 1.4862e-12 1.6065e-12 1.7766e-12 2.4502e-12 1.484e-12 2.2668e-12 2.8566e-12 2.8543e-12
1.2364e-11 1.2024e-11 1.157e-11 7.8319e-12 6.0609e-12 5.7711e-12 7.0519e-12 1.1591e-11 3.478e-12 4.6981e-12 3.5543e-12 3.0234e-12 6.7411e-12 3.2286e-12 2.5443e-12 3.3156e-12 2.8048e-12 3.3265e-12 2.5211e-12 3.3709e-12 2.7481e-12 3.0958e-12 3.2582e-12 2.6717e-12 5.1051e-12 3.8753e-12 3.8682e-12 1.4488e-12 1.4616e-12 2.3466e-12 5.2124e-12 1.7887e-12 1.7303e-12 2.552e-12 1.4214e-12 1.4895e-12 8.9068e-13 1.0757e-12 1.2196e-12 2.9213e-12 1.0526e-12 1.5937e-12 1.5257e-12 1.2937e-12 2.9237e-12 1.8118e-12 2.2201e-12 2.2735e-12
1.1816e-11 1.1908e-11 9.2507e-12 8.8478e-12 5.6077e-12 5.7655e-12 7.5149e-12 4.3122e-12 1.0145e-11 4.0598e-12 5.8749e-12 8.2037e-12 3.2837e-12 3.17e-12 3.3606e-12 2.914e-12 5.0335e-12 2.6492e-12 4.5728e-12 2.4134e-12 2.9637e-12 2.2857e-12 2.3043e-12 1.7749e-12 2.3697e-12 3.4747e-12 4.4775e-12 4.1247e-12 2.2451e-12 1.6473e-12 4.6308e-12 2.437e-12 2.9758e-12 1.8922e-12 1.2127e-12 1.0629e-12 1.6964e-12 7.5589e-13 1.2806e-12 2.4159e-12 1.3732e-12 1.3423e-12 1.8011e-12 2.3562e-12 1.603e-12 2.2187e-12 2.7312e-12 2.5965e-12
1.5641e-11 1.0066e-11 1.0151e-11 9.8478e-12 5.3432e-12 8.8882e-12 6.9644e-12 5.0269e-12 6.5098e-12 1.0952e-11 1.0163e-11 4.8334e-12 5.0745e-12 2.8097e-12 2.5015e-12 4.6268e-12 4.5333e-12 1.9565e-12 1.4653e-12 2.557e-12 3.638e-12 2.4016e-12 1.9433e-12 1.5583e-12 2.7525e-12 3.1816e-12 2.6073e-12 3.2006e-12 3.1911e-12 3.3817e-12 2.2453e-12 3.1491e-12 4.7677e-12 4.3512e-12 1.5914e-12 1.5505e-12 8.7127e-13 8.9479e-13 8.649e-13 1.2547e-12 1.5549e-12 1.1338e-12 1.7202e-12 1.9277e-12 3.3775e-12 2.5976e-12 3.0974e-12 2.8162e-12
1.2092e-11 1.1627e-11 8.957e-12 7.4483e-12 7.4537e-12 8.554e-12 8.8953e-12 7.3377e-12 6.5371e-12 6.9397e-12 8.6446e-12 8.3274e-12 4.07e-12 5.534e-12 2.8627e-12 2.8532e-12 3.1878e-12 3.5108e-12 1.9889e-12 2.1663e-12 2.103e-12 1.9816e-12 2.0153e-12 2.324e-12 2.0746e-12 2.0971e-12 3.3783e-12 3.2014e-12 3.2786e-12 3.5313e-12 3.7916e-12 3.2452e-12 2.6334e-12 2.8249e-12 1.798e-12 1.7547e-12 7.0633e-13 7.2022e-13 1.0986e-12 1.1418e-12 1.6525e-12 1.5613e-12 1.5015e-12 1.6268e-12 2.8878e-12 2.7083e-12 2.8602e-12 2.5515e-12
1.5845e-11 1.2617e-11 1.1132e-11 8.9119e-12 5.1581e-12 5.2979e-12 6.6688e-12 4.557e-12 1.0685e-11 3.9159e-12 5.904e-12 7.7908e-12 2.8666e-12 2.9862e-12 2.8392e-12 3.0452e-12 4.4542e-12 2.6558e-12 3.6052e-12 2.6961e-12 2.8661e-12 2.2369e-12 2.2024e-12 2.033e-12 2.6378e-12 3.6436e-12 3.9962e-12 3.5363e-12 2.3122e-12 1.6742e-12 5.0849e-12 2.1865e-12 3.3626e-12 1.7546e-12 1.248e-12 1.0677e-12 1.587e-12 7.7048e-13 1.2363e-12 2.3693e-12 1.4521e-12 1.3955e-12 1.8023e-12 2.6806e-12 1.6065e-12 2.4093e-12 2.5312e-12 2.6325e-12
2.9732e-11 2.0127e-11 1.6117e-11 1.3406e-11 9.7892e-12 8.8352e-12 6.9851e-12 5.4165e-12 5.7556e-12 5.2887e-12 7.4948e-12 7.1658e-12 2.5345e-12 3.9254e-12 6.0668e-12 4.8925e-12 4.4286e-12 3.5338e-12 3.7926e-12 3.6174e-12 2.8093e-12 1.3588e-12 2.456e-12 2.221e-12 2.4773e-12 2.7872e-12 3.7151e-12 3.6101e-12 1.6128e-12 1.41e-12 1.1095e-12 3.037e-12 3.6728e-12 2.8758e-12 2.1771e-12 2.1302e-12 1.976e-12 1.9762e-12 2.2915e-12 1.0867e-12 1.3543e-12 1.1752e-12 1.7404e-12 1.6041e-12 1.9883e-12 2.0497e-12 2.2365e-12 2.3225e-12
3.2387e-11 2.6419e-11 1.9711e-11 1.3969e-11 1.0456e-11 1.3433e-11 5.7097e-12 6.2409e-12 6.0507e-12 3.437e-12 3.7782e-12 7.6688e-12 1.0954e-11 4.2473e-12 5.6883e-12 7.0229e-12 4.1483e-12 6.1801e-12 2.0344e-12 3.2244e-12 2.7636e-12 3.2289e-12 1.7856e-12 2.4838e-12 2.8905e-12 2.6615e-12 1.3652e-12 2.7363e-12 1.7513e-12 2.6148e-12 1.5147e-12 2.7727e-12 5.8508e-12 2.4444e-12 3.2759e-12 9.4216e-13 2.8545e-12 1.9623e-12 2.1952e-12 1.3916e-12 1.2981e-12 1.4544e-12 1.3035e-12 1.4893e-12 1.7055e-12 1.8968e-12 2.3172e-12 2.4579e-12
2.6232e-11 1.8161e-11 1.7176e-11 1.4843e-11 9.487e-12 9.7056e-12 5.9957e-12 4.7216e-12 5.6571e-12 5.5132e-12 9.019e-12 6.3303e-12 2.8109e-12 3.7728e-12 5.8256e-12 4.5061e-12 4.2702e-12 3.8386e-12 4.2717e-12 3.8254e-12 3.0124e-12 1.3915e-12 2.5397e-12 2.6607e-12 2.2648e-12 3.2623e-12 3.532e-12 2.9073e-12 1.6754e-12 1.4188e-12 1.2278e-12 3.2234e-12 3.4948e-12 2.9638e-12 2.1732e-12 2.3206e-12 1.8722e-12 1.9101e-12 1.7435e-12 9.8976e-13 1.259e-12 1.2231e-12 1.7287e-12 1.6202e-12 1.9921e-12 1.8247e-12 2.431e-12 2.2482e-12
1.3952e-11 1.194e-11 9.9625e-12 8.9682e-12 4.9181e-12 4.4398e-12 7.078e-12 3.8653e-12 9.4379e-12 4.2874e-12 6.4566e-12 6.8114e-12 2.7477e-12 2.9957e-12 3.2534e-12 3.1262e-12 4.6874e-12 2.4862e-12 4.1227e-12 2.3403e-12 2.7481e-12 2.135e-12 2.5022e-12 1.7714e-12 2.4523e-12 4.2369e-12 3.9513e-12 3.5863e-12 2.4147e-12 1.6777e-12 4.432e-12 2.4984e-12 3.6052e-12 1.9957e-12 1.2114e-12 1.0752e-12 1.5441e-12 8.2193e-13 1.2777e-12 2.0838e-12 1.4921e-12 1.1802e-12 1.8409e-12 2.3626e-12 1.8042e-12 2.2935e-12 2.6039e-12 2.8233e-12
9.5519e-12 8.9942e-12 9.5009e-12 1.035e-11 7.6487e-12 7.5957e-12 5.2227e-12 5.7455e-12 4.476e-12 3.8531e-12 3.4864e-12 3.6343e-12 4.6448e-12 4.7922e-12 2.7384e-12 2.8369e-12 2.3551e-12 2.7232e-12 2.7075e-12 2.7714e-12 2.8883e-12 3.2689e-12 3.1817e-12 3.2261e-12 3.1322e-12 2.722e-12 2.963e-12 3.1788e-12 3.1431e-12 2.7497e-12 1.5347e-12 1.8254e-12 2.232e-12 2.2373e-12 1.1204e-12 1.135e-12 1.1177e-12 1.152e-12 1.2702e-12 1.3512e-12 1.7942e-12 1.5308e-12 1.3778e-12 1.2499e-12 2.3634e-12 2.3626e-12 2.656e-12 2.7227e-12
1.2605e-11 1.1212e-11 9.2513e-12 6.7477e-12 6.2293e-12 5.0868e-12 6.1587e-12 1.0163e-11 3.4735e-12 4.394e-12 4.3117e-12 3.0841e-12 6.3724e-12 3.5156e-12 2.6661e-12 2.6289e-12 2.62e-12 4.3003e-12 2.825e-12 3.6988e-12 2.8923e-12 3.3409e-12 3.0677e-12 2.5387e-12 4.7111e-12 3.6682e-12 3.5874e-12 1.4422e-12 1.4902e-12 2.3867e-12 5.9108e-12 1.5134e-12 1.8526e-12 2.5442e-12 1.3902e-12 1.4138e-12 1.0979e-12 1.0763e-12 1.268e-12 2.8727e-12 1.0905e-12 1.8543e-12 1.4358e-12 1.2016e-12 2.7635e-12 1.8124e-12 2.0494e-12 2.1584e-12
2.6397e-11 2.8996e-11 2.1488e-11 1.1687e-11 1.1415e-11 1.4822e-11 5.7798e-12 6.8858e-12 6.1579e-12 4.1433e-12 4.1914e-12 7.5392e-12 1.1367e-11 4.4721e-12 5.9264e-12 5.4966e-12 4.2182e-12 5.264e-12 1.9338e-12 3.6314e-12 2.6059e-12 2.8709e-12 1.642e-12 2.7075e-12 2.8562e-12 2.6569e-12 1.4979e-12 2.3085e-12 1.917e-12 2.8314e-12 1.4996e-12 2.6239e-12 4.944e-12 2.3473e-12 2.6804e-12 9.3869e-13 3.3196e-12 2.3605e-12 2.27e-12 1.4043e-12 1.29e-12 1.4832e-12 1.2412e-12 1.5278e-12 1.7724e-12 1.8405e-12 2.3044e-12 2.2349e-12
1.4222e-10 1.3723e-10 5.8335e-11 1.84e-11 1.8184e-11 1.9559e-11 9.5014e-12 9.2472e-12 5.4201e-12 5.0495e-12 4.1845e-12 5.9153e-12 5.0666e-12 1.2495e-11 9.7329e-12 1.1834e-11 9.0804e-12 5.8019e-12 5.2259e-12 2.2923e-12 1.472e-12 1.4867e-12 3.0218e-12 2.6902e-12 2.5877e-12 2.7897e-12 2.3929e-12 2.0385e-12 1.9949e-12 1.5272e-12 1.4573e-12 8.0769e-13 2.8882e-12 2.9624e-12 4.4523e-12 4.6998e-12 4.9504e-12 5.777e-12 2.7617e-12 2.5853e-12 1.4698e-12 1.3662e-12 1.3437e-12 1.9113e-12 1.8088e-12 1.9848e-12 2.1369e-12 2.0728e-12
2.6684e-11 2.81e-11 2.4914e-11 1.0717e-11 1.0344e-11 1.3301e-11 5.5277e-12 5.7801e-12 5.1574e-12 4.0953e-12 3.618e-12 7.733e-12 9.934e-12 4.8757e-12 7.3925e-12 5.4502e-12 3.5836e-12 6.7253e-12 2.0419e-12 3.6492e-12 2.8823e-12 3.2432e-12 1.5204e-12 2.6211e-12 2.3776e-12 2.5457e-12 1.4161e-12 2.8667e-12 1.7705e-12 2.7681e-12 1.6426e-12 2.8555e-12 5.0082e-12 2.3635e-12 3.4978e-12 8.3957e-13 2.7007e-12 1.924e-12 2.2611e-12 1.3637e-12 1.2435e-12 1.3596e-12 1.2568e-12 1.5898e-12 1.9685e-12 2.0308e-12 2.248e-12 2.5441e-12
1.4996e-11 1.3285e-11 9.3793e-12 7.0021e-12 6.8521e-12 4.7986e-12 6.9954e-12 1.0081e-11 3.6811e-12 4.6765e-12 3.8151e-12 2.9767e-12 7.5781e-12 2.7159e-12 3.0503e-12 2.628e-12 3.289e-12 4.2815e-12 2.9107e-12 3.702e-12 3.1587e-12 3.4224e-12 3.1572e-12 2.6146e-12 5.5027e-12 3.3472e-12 3.9507e-12 1.5937e-12 1.5597e-12 2.2875e-12 4.7143e-12 1.5124e-12 1.8417e-12 2.4017e-12 1.3505e-12 1.2639e-12 1.0909e-12 1.201e-12 1.2134e-12 2.8122e-12 1.0636e-12 1.9016e-12 1.4052e-12 1.3074e-12 3.0603e-12 1.7724e-12 2.298e-12 2.4615e-12
1.1286e-11 1.0932e-11 8.9678e-12 8.7648e-12 7.4498e-12 8.2709e-12 5.1206e-12 4.4997e-12 3.0963e-12 3.0318e-12 3.7594e-12 3.663e-12 3.3805e-12 3.6221e-12 2.8593e-12 3.4541e-12 3.4352e-12 3.1773e-12 3.1846e-12 3.1356e-12 5.3549e-12 5.7268e-12 2.9402e-12 2.9634e-12 2.9665e-12 3.1623e-12 2.7556e-12 2.4685e-12 2.8297e-12 3.4764e-12 2.003e-12 1.6993e-12 1.1566e-12 1.22e-12 1.0513e-12 1.0782e-12 9.3373e-13 9.0975e-13 1.6946e-12 1.3966e-12 1.4387e-12 1.3077e-12 2.43e-12 2.309e-12 2.3209e-12 2.1849e-12 2.4639e-12 1.9994e-12
1.5977e-11 1.038e-11 9.8223e-12 8.2376e-12 5.0603e-12 4.31e-12 8.2783e-12 4.0343e-12 8.0679e-12 4.1533e-12 5.4131e-12 6.5583e-12 2.8317e-12 2.9949e-12 3.223e-12 3.1838e-12 4.8102e-12 2.4914e-12 4.3154e-12 2.5845e-12 2.9949e-12 2.1003e-12 2.4613e-12 2.1414e-12 2.2555e-12 3.4389e-12 3.9545e-12 4.7089e-12 2.5717e-12 1.6564e-12 4.5924e-12 2.5102e-12 3.2605e-12 2.0645e-12 1.251e-12 1.0978e-12 1.5003e-12 8.1561e-13 1.2959e-12 2.5688e-12 1.3818e-12 1.3683e-12 1.762e-12 2.3996e-12 1.6142e-12 2.1329e-12 2.3001e-12 2.4883e-12
3.1286e-11 1.8371e-11 1.6547e-11 1.378e-11 9.2038e-12 8.304e-12 6.308e-12 4.8775e-12 5.7483e-12 5.8864e-12 9.0473e-12 7.3958e-12 3.0672e-12 3.9303e-12 5.7167e-12 4.6764e-12 4.5703e-12 4.0689e-12 3.6846e-12 3.7786e-12 2.6389e-12 1.3143e-12 2.5836e-12 2.4379e-12 2.5274e-12 3.1789e-12 3.7616e-12 2.9723e-12 1.5303e-12 1.378e-12 1.2259e-12 2.991e-12 3.1586e-12 2.7301e-12 2.0978e-12 2.3771e-12 1.8326e-12 2.0435e-12 1.8495e-12 9.5656e-13 1.2911e-12 1.2258e-12 1.5504e-12 1.7476e-12 1.8533e-12 2.048e-12 2.3886e-12 2.3315e-12
2.9614e-11 2.8836e-11 2.0365e-11 1.029e-11 1.2983e-11 1.5685e-11 5.3766e-12 6.1812e-12 5.4627e-12 3.7209e-12 4.4852e-12 5.7585e-12 1.0315e-11 4.4374e-12 6.7823e-12 4.6343e-12 3.9079e-12 6.337e-12 1.9972e-12 3.7002e-12 2.4288e-12 3.1349e-12 1.4432e-12 2.3252e-12 2.7647e-12 2.3085e-12 1.5197e-12 2.577e-12 1.8534e-12 2.4912e-12 1.5092e-12 2.5988e-12 5.6218e-12 2.7387e-12 3.3884e-12 8.5454e-13 2.827e-12 1.8828e-12 2.0063e-12 1.4678e-12 1.247e-12 1.5116e-12 1.3652e-12 1.601e-12 1.655e-12 1.7523e-12 2.2882e-12 2.189e-12
3.0078e-11 1.8092e-11 1.5352e-11 1.4243e-11 8.5432e-12 9.1096e-12 5.512e-12 5.6805e-12 4.9511e-12 5.0569e-12 8.1043e-12 6.4538e-12 2.4611e-12 3.5081e-12 5.0852e-12 4.5377e-12 4.3137e-12 4.7797e-12 4.156e-12 3.3904e-12 2.9756e-12 1.4416e-12 2.4184e-12 2.3673e-12 2.2946e-12 3.3035e-12 3.0656e-12 3.3002e-12 1.5637e-12 1.3641e-12 1.1888e-12 2.7867e-12 3.3284e-12 2.9759e-12 2.0463e-12 2.7718e-12 1.8677e-12 2.207e-12 2.2257e-12 9.942e-13 1.2829e-12 1.1407e-12 1.5741e-12 1.5832e-12 1.818e-12 2.2881e-12 2.2005e-12 2.2122e-12
1.4897e-11 1.2507e-11 1.1192e-11 8.4822e-12 5.3312e-12 4.3932e-12 7.317e-12 4.4435e-12 9.423e-12 4.0212e-12 5.0443e-12 7.8792e-12 2.7093e-12 3.0934e-12 3.0012e-12 2.69e-12 4.1525e-12 2.7029e-12 4.1054e-12 2.6096e-12 2.8194e-12 2.1124e-12 2.4803e-12 2.2588e-12 2.2431e-12 3.3465e-12 3.8811e-12 3.3772e-12 2.1197e-12 1.6033e-12 4.7301e-12 2.6505e-12 2.9636e-12 1.8056e-12 1.1936e-12 1.0727e-12 1.7488e-12 7.9339e-13 1.124e-12 2.4419e-12 1.3577e-12 1.3028e-12 1.7028e-12 2.4862e-12 1.6063e-12 2.2685e-12 2.2877e-12 2.7715e-12
9.3286e-12 9.6777e-12 1.0887e-11 9.7472e-12 7.2499e-12 7.1768e-12 5.3104e-12 5.7715e-12 4.7238e-12 4.1971e-12 3.2849e-12 3.4634e-12 4.302e-12 4.4356e-12 2.6235e-12 2.6725e-12 2.6649e-12 2.5909e-12 2.7179e-12 2.6894e-12 3.8096e-12 3.1138e-12 3.0465e-12 3.5105e-12 2.7018e-12 2.5328e-12 3.2001e-12 3.0314e-12 3.0332e-12 2.8048e-12 1.8133e-12 1.7129e-12 2.3179e-12 2.2717e-12 1.1577e-12 1.0704e-12 1.0845e-12 1.1674e-12 1.2465e-12 1.4229e-12 1.775e-12 1.7371e-12 1.475e-12 1.3916e-12 2.5462e-12 2.4981e-12 2.4984e-12 2.6216e-12
1.4261e-11 1.0255e-11 1.1089e-11 9.0733e-12 6.0037e-12 7.8937e-12 7.2757e-12 4.2715e-12 5.1941e-12 9.5845e-12 9.5075e-12 4.8814e-12 4.2291e-12 2.9797e-12 2.4196e-12 5.2017e-12 4.2774e-12 1.8285e-12 1.3825e-12 2.5054e-12 3.6973e-12 2.3669e-12 2.3752e-12 1.6599e-12 2.6197e-12 3.0924e-12 2.7899e-12 2.9862e-12 3.1813e-12 2.9156e-12 2.5413e-12 3.0695e-12 4.5384e-12 4.7483e-12 1.485e-12 1.7444e-12 8.7853e-13 8.7346e-13 8.3394e-13 1.2013e-12 1.832e-12 1.2104e-12 1.6462e-12 1.9896e-12 2.6503e-12 2.6426e-12 3.249e-12 2.8277e-12
1.2186e-11 1.1522e-11 9.9429e-12 7.5787e-12 5.2425e-12 6.5445e-12 7.6795e-12 3.9335e-12 9.5176e-12 3.6373e-12 5.578e-12 8.1651e-12 2.9523e-12 3.3779e-12 3.0988e-12 2.6869e-12 4.5317e-12 2.674e-12 3.7667e-12 2.6189e-12 3.002e-12 2.4875e-12 2.1618e-12 2.0256e-12 2.259e-12 3.7327e-12 3.7699e-12 3.7789e-12 2.3279e-12 1.5883e-12 4.8052e-12 2.5101e-12 3.2406e-12 1.817e-12 1.2446e-12 1.0744e-12 1.5931e-12 8.0101e-13 1.2147e-12 2.1827e-12 1.3397e-12 1.4324e-12 1.8273e-12 2.2919e-12 1.5146e-12 2.2667e-12 2.5006e-12 2.7468e-12
1.3079e-11 1.2912e-11 1.1086e-11 8.6258e-12 5.8562e-12 5.1331e-12 6.8847e-12 1.3421e-11 3.2643e-12 4.9926e-12 3.7251e-12 3.4999e-12 6.6656e-12 3.4742e-12 2.9186e-12 3.2212e-12 2.5899e-12 3.5592e-12 3.4287e-12 3.4661e-12 2.4953e-12 3.6868e-12 3.7525e-12 2.848e-12 5.8118e-12 3.1471e-12 4.0371e-12 1.4604e-12 1.4629e-12 2.245e-12 4.797e-12 1.8113e-12 1.9509e-12 2.3536e-12 1.388e-12 1.4714e-12 9.2643e-13 1.0708e-12 1.2895e-12 2.8896e-12 1.1149e-12 1.6696e-12 1.7201e-12 1.2587e-12 2.9676e-12 2.1057e-12 2.2331e-12 2.3191e-12
1.4463e-11 1.3971e-11 1.0322e-11 9.0108e-12 5.3021e-12 5.5237e-12 6.344e-12 4.2302e-12 1.0668e-11 4.3087e-12 4.7781e-12 8.8678e-12 3.2043e-12 3.1635e-12 3.3664e-12 3.1781e-12 3.8856e-12 2.66e-12 3.5796e-12 2.9084e-12 2.8741e-12 2.0918e-12 2.2573e-12 2.1192e-12 2.4373e-12 3.7103e-12 4.3859e-12 3.5925e-12 2.3644e-12 1.8626e-12 4.7134e-12 2.3002e-12 2.9871e-12 2.1201e-12 1.1409e-12 1.1381e-12 1.5214e-12 7.7696e-13 1.0441e-12 2.4211e-12 1.5053e-12 1.4203e-12 1.7441e-12 2.1831e-12 1.6434e-12 2.1093e-12 2.5172e-12 2.5637e-12
1.1904e-11 1.0787e-11 1.0325e-11 9.281e-12 6.5041e-12 7.99e-12 7.0118e-12 4.6704e-12 4.7026e-12 8.7413e-12 9.7908e-12 4.7879e-12 4.3752e-12 3.0973e-12 2.5171e-12 4.5024e-12 3.4871e-12 1.8463e-12 1.1688e-12 2.8888e-12 3.3625e-12 2.0719e-12 1.8516e-12 1.4047e-12 2.5751e-12 3.1848e-12 2.6391e-12 2.9352e-12 3.0788e-12 3.0737e-12 2.5036e-12 3.3136e-12 4.7052e-12 4.7515e-12 1.4431e-12 1.3982e-12 8.8422e-13 8.0428e-13 7.4933e-13 1.1827e-12 1.7269e-12 1.3721e-12 1.6132e-12 1.99e-12 2.6402e-12 2.6401e-12 2.703e-12 2.8192e-12
1.0658e-11 1.1335e-11 7.1405e-12 7.2416e-12 7.1521e-12 8.6487e-12 7.5827e-12 8.904e-12 5.6092e-12 6.6809e-12 8.1346e-12 8.5491e-12 4.5638e-12 4.7005e-12 2.5476e-12 2.8641e-12 3.4024e-12 3.5336e-12 1.9794e-12 1.9745e-12 1.9571e-12 2.0393e-12 2.055e-12 2.147e-12 2.2989e-12 2.0342e-12 3.5796e-12 3.5664e-12 3.2813e-12 3.5301e-12 3.532e-12 3.2763e-12 2.8021e-12 3.1649e-12 1.7413e-12 1.695e-12 7.0891e-13 7.2957e-13 1.0956e-12 1.1154e-12 1.7444e-12 1.6025e-12 1.5017e-12 1.4269e-12 2.971e-12 3.0527e-12 2.7001e-12 3.0621e-12
1.1752e-11 1.2484e-11 7.7394e-12 8.8159e-12 7.319e-12 8.3888e-12 8.9155e-12 7.7618e-12 6.717e-12 6.6529e-12 1.0444e-11 8.9592e-12 5.0256e-12 4.3181e-12 2.9929e-12 2.8453e-12 3.3966e-12 3.1267e-12 1.8761e-12 2.1238e-12 2.0068e-12 2.0794e-12 2.274e-12 2.17e-12 2.0989e-12 1.846e-12 2.6905e-12 3.1392e-12 3.3641e-12 3.2972e-12 3.9508e-12 3.2654e-12 2.8838e-12 2.8711e-12 1.6964e-12 1.9574e-12 7.208e-13 6.9072e-13 1.0124e-12 1.1181e-12 1.7114e-12 1.6691e-12 1.5981e-12 1.6609e-12 2.601e-12 2.8581e-12 2.7318e-12 2.5516e-12
9.0931e-12 7.5927e-12 9.5692e-12 1.1648e-11 8.3861e-12 8.5697e-12 5.361e-12 5.1473e-12 3.7426e-12 4.2483e-12 3.5379e-12 3.9137e-12 4.6742e-12 4.7394e-12 2.4403e-12 3.0873e-12 2.5069e-12 2.3802e-12 2.3424e-12 3.1568e-12 3.505e-12 3.408e-12 3.1421e-12 3.4906e-12 2.5529e-12 2.8293e-12 2.8802e-12 2.9015e-12 2.9163e-12 2.9978e-12 1.6354e-12 1.5776e-12 1.9957e-12 2.0141e-12 1.1471e-12 1.1581e-12 1.1306e-12 1.1337e-12 1.2998e-12 1.3414e-12 1.6845e-12 1.6993e-12 1.2393e-12 1.3182e-12 2.2253e-12 2.3635e-12 2.744e-12 2.7208e-12
1.1394e-11 1.2322e-11 9.8829e-12 8.585e-12 7.2118e-12 7.7419e-12 5.4293e-12 4.8812e-12 3.2446e-12 3.2073e-12 3.7842e-12 4.1582e-12 3.6389e-12 4.1668e-12 3.2273e-12 3.1566e-12 3.4785e-12 3.3401e-12 2.9917e-12 2.7013e-12 5.8055e-12 5.3974e-12 3.0465e-12 2.7849e-12 2.9942e-12 3.2724e-12 2.999e-12 2.8987e-12 2.96e-12 2.8568e-12 1.8128e-12 2.0215e-12 1.4637e-12 1.1611e-12 1.0528e-12 1.2335e-12 9.538e-13 1.1501e-12 1.6391e-12 1.6878e-12 1.6108e-12 1.7033e-12 2.0322e-12 2.2262e-12 2.0203e-12 2.0998e-12 2.3384e-12 2.5654e-12
8.3004e-12 9.6013e-12 1.0345e-11 1.01e-11 7.915e-12 8.3776e-12 4.9909e-12 4.9181e-12 3.8506e-12 3.8465e-12 3.711e-12 3.956e-12 5.8984e-12 4.6282e-12 2.47e-12 2.7719e-12 2.5781e-12 3.0148e-12 2.8741e-12 2.7256e-12 3.2467e-12 3.4949e-12 3.0043e-12 3.1817e-12 2.6e-12 2.5883e-12 3.4196e-12 2.9022e-12 3.3925e-12 3.0047e-12 1.5998e-12 1.5714e-12 2.0812e-12 1.962e-12 1.1755e-12 1.0925e-12 1.2727e-12 1.1507e-12 1.2417e-12 1.2665e-12 1.6678e-12 1.6274e-12 1.2936e-12 1.5328e-12 2.247e-12 2.2182e-12 2.572e-12 2.7346e-12
1.0706e-11 9.9357e-12 7.7624e-12 8.7566e-12 8.6996e-12 7.3924e-12 8.9307e-12 8.7641e-12 5.4124e-12 6.612e-12 8.2536e-12 8.4893e-12 4.5372e-12 4.1384e-12 2.9517e-12 2.6412e-12 3.0828e-12 3.2355e-12 2.2048e-12 2.0003e-12 2.1159e-12 1.9987e-12 2.3876e-12 1.987e-12 1.9227e-12 1.9223e-12 3.3988e-12 3.3255e-12 3.694e-12 3.2767e-12 3.3049e-12 3.5745e-12 2.7356e-12 2.9506e-12 1.8444e-12 1.9269e-12 7.1245e-13 7.2223e-13 1.021e-12 1.0586e-12 1.7627e-12 1.4945e-12 1.5647e-12 1.5951e-12 2.6648e-12 2.8063e-12 2.7111e-12 2.7802e-12
9.5356e-12 1.0327e-11 1.1177e-11 9.7647e-12 1.0852e-11 1.1107e-11 9.7948e-12 9.8774e-12 9.0703e-12 8.4974e-12 8.0651e-12 8.7873e-12 4.0527e-12 3.4812e-12 3.6901e-12 3.8814e-12 5.4818e-12 6.3451e-12 5.8794e-12 6.3528e-12 6.1781e-12 6.6567e-12 5.7247e-12 5.7862e-12 1.6522e-12 2.0342e-12 2.3852e-12 1.7849e-12 3.3571e-12 3.7949e-12 3.6477e-12 3.2152e-12 2.6901e-12 2.5011e-12 2.4971e-12 2.7126e-12 7.843e-13 8.2351e-13 6.7794e-13 7.9e-13 1.9384e-12 1.7018e-12 1.9951e-12 2.0304e-12 3.0781e-12 2.7358e-12 3.4139e-12 3.0575e-12
1.3059e-11 1.0063e-11 1.0253e-11 9.7342e-12 6.0134e-12 7.4753e-12 9.2018e-12 4.8259e-12 6.2478e-12 1.0585e-11 1.0411e-11 4.3345e-12 5.2968e-12 2.7256e-12 2.4083e-12 4.0145e-12 4.1819e-12 1.7593e-12 1.3803e-12 3.1571e-12 2.246e-12 1.8155e-12 3.8018e-12 3.1901e-12 1.3679e-12 3.0615e-12 2.0236e-12 2.4629e-12 4.0431e-12 3.7195e-12 2.3568e-12 2.8755e-12 4.2412e-12 3.9012e-12 1.4019e-12 1.6029e-12 8.9221e-13 7.7321e-13 7.8603e-13 1.2652e-12 1.6651e-12 1.2812e-12 1.8019e-12 1.9029e-12 2.7699e-12 2.4386e-12 2.7235e-12 2.7685e-12
1.4481e-11 1.2878e-11 1.1203e-11 9.3681e-12 5.1744e-12 6.704e-12 8.155e-12 3.9709e-12 9.5841e-12 3.064e-12 5.161e-12 7.9593e-12 2.9517e-12 3.1919e-12 2.8567e-12 3.5132e-12 4.3502e-12 2.6489e-12 3.6225e-12 2.597e-12 3.042e-12 2.0661e-12 2.0136e-12 2.315e-12 2.0759e-12 3.4567e-12 4.3325e-12 3.5118e-12 2.0699e-12 1.6651e-12 4.2876e-12 2.1646e-12 2.7957e-12 1.7776e-12 1.2042e-12 1.1085e-12 1.4367e-12 7.2918e-13 1.177e-12 2.6276e-12 1.3806e-12 1.3287e-12 1.8106e-12 2.2405e-12 1.7012e-12 2.1153e-12 2.5153e-12 2.7826e-12
1.6889e-11 1.5307e-11 1.1589e-11 8.3573e-12 6.9644e-12 6.1254e-12 6.6945e-12 1.0481e-11 4.0387e-12 4.1983e-12 4.1723e-12 3.8159e-12 6.6817e-12 3.1925e-12 3.0916e-12 2.8958e-12 2.6752e-12 6.9526e-12 2.6264e-12 2.6254e-12 3.3647e-12 3.139e-12 3.624e-12 2.6128e-12 5.0403e-12 2.9414e-12 3.9462e-12 1.559e-12 1.4608e-12 2.4533e-12 4.3752e-12 1.5458e-12 2.1163e-12 2.5117e-12 1.2694e-12 1.5058e-12 1.0271e-12 1.0813e-12 1.2105e-12 2.9418e-12 1.1112e-12 1.7945e-12 1.7087e-12 1.394e-12 3.132e-12 2.1469e-12 1.9457e-12 2.2672e-12
1.3812e-11 1.236e-11 1.0243e-11 8.7422e-12 5.6261e-12 5.7217e-12 6.3325e-12 4.0985e-12 9.0464e-12 3.0269e-12 6.4154e-12 7.2962e-12 3.3274e-12 3.3526e-12 2.9185e-12 3.2722e-12 4.3483e-12 2.9032e-12 3.7746e-12 2.4379e-12 3.3609e-12 2.3774e-12 2.1975e-12 2.2936e-12 2.3071e-12 3.5612e-12 4.3698e-12 3.4262e-12 2.4686e-12 1.7357e-12 5.296e-12 2.4012e-12 3.443e-12 1.9059e-12 1.1422e-12 1.0454e-12 1.4484e-12 8.2771e-13 1.242e-12 2.2813e-12 1.4502e-12 1.3831e-12 1.8572e-12 2.1951e-12 1.5059e-12 2.4255e-12 2.3022e-12 2.5637e-12
1.4199e-11 1.0245e-11 1.0214e-11 8.2209e-12 5.5459e-12 7.0305e-12 7.8472e-12 5.0748e-12 6.6383e-12 9.2698e-12 1.0399e-11 4.9482e-12 4.2613e-12 3.3586e-12 2.3584e-12 4.4555e-12 4.8921e-12 1.7851e-12 1.4078e-12 2.8186e-12 2.0786e-12 2.5924e-12 4.7318e-12 3.0052e-12 1.621e-12 2.8687e-12 2.2753e-12 2.4605e-12 4.3507e-12 3.761e-12 2.1569e-12 3.8773e-12 4.5518e-12 4.0642e-12 1.6293e-12 1.7277e-12 8.8263e-13 9.5434e-13 8.4335e-13 1.2456e-12 1.617e-12 1.1004e-12 1.7417e-12 1.8253e-12 2.5063e-12 2.7147e-12 3.0345e-12 2.5832e-12
1.1777e-11 1.1905e-11 7.4835e-12 7.1149e-12 7.3308e-12 8.1207e-12 6.7429e-12 9.4092e-12 6.0483e-12 6.4365e-12 8.0453e-12 7.9117e-12 3.7961e-12 4.0787e-12 2.7199e-12 3.7237e-12 3.3892e-12 3.6018e-12 2.1048e-12 1.9759e-12 2.0044e-12 2.1389e-12 1.9103e-12 2.1952e-12 1.8511e-12 1.8638e-12 3.8847e-12 3.6603e-12 2.9703e-12 4.0651e-12 3.3325e-12 3.5327e-12 2.8049e-12 3.2118e-12 1.7707e-12 1.9922e-12 7.0296e-13 7.1213e-13 1.1029e-12 1.1812e-12 1.5728e-12 1.6504e-12 1.5444e-12 1.481e-12 2.8458e-12 2.8589e-12 3.0604e-12 2.7709e-12
1.5106e-11 1.2177e-11 8.9847e-12 8.1077e-12 4.4984e-12 5.132e-12 7.4388e-12 4.8176e-12 8.4848e-12 2.8959e-12 5.5687e-12 8.3999e-12 3.369e-12 3.1449e-12 3.4757e-12 3.1158e-12 3.7154e-12 3.0373e-12 3.8072e-12 2.3349e-12 3.0333e-12 2.243e-12 2.26e-12 2.4404e-12 2.0464e-12 3.1358e-12 3.9547e-12 3.4915e-12 2.0728e-12 1.7264e-12 4.4306e-12 2.454e-12 3.0753e-12 1.8379e-12 1.1921e-12 1.0704e-12 1.6634e-12 7.6104e-13 1.2296e-12 2.4782e-12 1.4295e-12 1.4316e-12 1.7769e-12 2.14e-12 1.6268e-12 2.8149e-12 2.7006e-12 2.5566e-12
3.5905e-11 1.4546e-11 1.7574e-11 1.1414e-11 9.4722e-12 1.0745e-11 8.142e-12 6.1325e-12 3.8017e-12 2.7665e-12 2.9904e-12 7.95e-12 6.6271e-12 5.1669e-12 4.8528e-12 3.0846e-12 4.2295e-12 4.2652e-12 2.9792e-12 3.2197e-12 3.0789e-12 1.4199e-12 3.114e-12 2.113e-12 2.2138e-12 2.9479e-12 3.9497e-12 3.4444e-12 1.6526e-12 1.4235e-12 1.1974e-12 2.7196e-12 3.1846e-12 2.8301e-12 2.1758e-12 2.4017e-12 1.9445e-12 2.0019e-12 1.8368e-12 9.8688e-13 1.454e-12 1.1601e-12 1.9333e-12 1.6968e-12 1.7194e-12 2.0028e-12 2.3213e-12 2.4927e-12
2.4588e-11 2.1046e-11 2.826e-11 1.4323e-11 1.6667e-11 1.0708e-11 9.5988e-12 4.72e-12 4.681e-12 4.0933e-12 3.0891e-12 4.3688e-12 7.2668e-12 8.7478e-12 3.9384e-12 5.8597e-12 4.2517e-12 6.7111e-12 2.217e-12 3.0738e-12 2.5186e-12 3.0279e-12 1.5965e-12 2.7289e-12 2.6458e-12 2.707e-12 1.6639e-12 1.5079e-12 2.6144e-12 2.7954e-12 1.5836e-12 2.7279e-12 6.1589e-12 2.3319e-12 3.4138e-12 9.2698e-13 3.3112e-12 1.9089e-12 2.1554e-12 1.5224e-12 1.2786e-12 1.3875e-12 1.3822e-12 1.7183e-12 1.6544e-12 1.9506e-12 2.3313e-12 2.1834e-12
3.0675e-11 1.5668e-11 1.7561e-11 1.1551e-11 1.1855e-11 9.1627e-12 8.2466e-12 5.0898e-12 4.4111e-12 2.9132e-12 3.2711e-12 9.7469e-12 7.9311e-12 5.3059e-12 4.7715e-12 2.7696e-12 4.6337e-12 4.2736e-12 3.2073e-12 3.334e-12 2.7584e-12 1.3405e-12 3.1332e-12 2.4775e-12 2.0969e-12 3.101e-12 3.9095e-12 3.3136e-12 1.549e-12 1.4971e-12 1.1765e-12 2.889e-12 3.3266e-12 2.6046e-12 2.3076e-12 2.4651e-12 1.7799e-12 2.0238e-12 1.7868e-12 9.9167e-13 1.3186e-12 1.2402e-12 1.4541e-12 1.8669e-12 1.6735e-12 1.8689e-12 2.3525e-12 2.2128e-12
1.5582e-11 1.1152e-11 1.0604e-11 8.3393e-12 4.6555e-12 4.6792e-12 8.0771e-12 4.1476e-12 9.8244e-12 2.7999e-12 5.8829e-12 6.8386e-12 3.0732e-12 3.0681e-12 3.9404e-12 3.3942e-12 5.1411e-12 2.6616e-12 4.4406e-12 2.5673e-12 2.9478e-12 2.1092e-12 2.2209e-12 2.5329e-12 2.104e-12 3.4386e-12 4.0383e-12 3.8383e-12 2.1797e-12 1.686e-12 4.5217e-12 2.6141e-12 3.0494e-12 1.7232e-12 1.1562e-12 1.0573e-12 1.6603e-12 7.8671e-13 1.2453e-12 2.5537e-12 1.4216e-12 1.4828e-12 1.8266e-12 2.3483e-12 1.6888e-12 2.4234e-12 2.461e-12 3.0165e-12
8.0823e-12 9.9237e-12 1.0414e-11 1.0206e-11 8.0667e-12 7.2902e-12 4.4276e-12 5.7362e-12 3.9122e-12 3.9966e-12 3.3228e-12 3.4561e-12 5.3777e-12 4.7869e-12 3.0486e-12 2.6518e-12 2.3467e-12 2.3445e-12 2.9339e-12 2.8923e-12 3.7118e-12 3.5637e-12 3.6577e-12 4.5885e-12 2.2818e-12 2.4681e-12 2.8936e-12 2.7942e-12 3.0806e-12 3.0746e-12 1.6075e-12 1.8209e-12 2.3022e-12 2.3473e-12 1.0745e-12 1.2174e-12 1.095e-12 1.1348e-12 1.2978e-12 1.6728e-12 1.6439e-12 1.4783e-12 1.4417e-12 1.3195e-12 2.491e-12 2.425e-12 2.6128e-12 2.5979e-12
1.3992e-11 1.3672e-11 1.1783e-11 6.5042e-12 4.8734e-12 5.5448e-12 7.1791e-12 9.7139e-12 4.0945e-12 4.416e-12 4.4783e-12 2.7193e-12 6.9825e-12 3.0001e-12 3.3392e-12 2.7253e-12 2.9319e-12 6.4509e-12 2.8058e-12 2.6671e-12 3.42e-12 2.9992e-12 2.9328e-12 2.5714e-12 5.3863e-12 3.2961e-12 3.4932e-12 1.4542e-12 1.6151e-12 2.3592e-12 5.0126e-12 1.5748e-12 1.8746e-12 2.3258e-12 1.2571e-12 1.3378e-12 1.1036e-12 1.1947e-12 1.1692e-12 3.4372e-12 1.1495e-12 1.9769e-12 1.4798e-12 1.2676e-12 2.905e-12 2.0001e-12 2.0854e-12 2.2586e-12
2.9068e-11 2.1748e-11 2.4699e-11 1.447e-11 1.5411e-11 1.0341e-11 8.5545e-12 4.8516e-12 4.5789e-12 4.0778e-12 3.0031e-12 4.4116e-12 7.2428e-12 1.0311e-11 4.0153e-12 5.6333e-12 4.0616e-12 6.5761e-12 2.4345e-12 3.2652e-12 2.4371e-12 3.2078e-12 1.7375e-12 2.929e-12 2.7169e-12 2.4326e-12 1.7699e-12 1.629e-12 2.8777e-12 2.7236e-12 1.3723e-12 2.6382e-12 5.1522e-12 2.4852e-12 2.9562e-12 8.2114e-13 2.8576e-12 2.1726e-12 2.2592e-12 1.5621e-12 1.1577e-12 1.522e-12 1.3101e-12 1.5367e-12 1.625e-12 1.8973e-12 2.3274e-12 2.1817e-12
8.1099e-13 7.6412e-13 8.0702e-13 1.1129e-11 1.1496e-11 1.1319e-11 1.0058e-11 1.2077e-11 1.0067e-11 5.3993e-12 6.1025e-12 2.7049e-12 2.732e-12 1.0664e-11 9.8168e-12 9.0435e-12 1.0686e-11 7.3985e-12 5.1655e-12 1.5454e-12 1.351e-12 1.8547e-12 3.139e-12 3.0102e-12 2.7027e-12 2.3612e-12 2.4372e-12 2.0793e-12 2.2312e-12 1.36e-12 1.6555e-12 7.749e-13 2.7588e-12 2.8104e-12 5.1052e-12 4.9674e-12 5.0697e-12 4.8211e-12 2.8632e-12 2.287e-12 1.478e-12 1.3388e-12 1.2469e-12 1.9412e-12 1.7426e-12 2.1859e-12 1.9462e-12 2.0433e-12
2.4348e-11 1.9553e-11 2.5025e-11 1.5314e-11 1.5281e-11 1.0063e-11 9.179e-12 5.6052e-12 4.4545e-12 3.8161e-12 2.6622e-12 4.9873e-12 6.9598e-12 1.1795e-11 3.7358e-12 6.8299e-12 3.8563e-12 6.1743e-12 2.2968e-12 3.6204e-12 2.7423e-12 3.2198e-12 1.6038e-12 2.6571e-12 2.7011e-12 2.6775e-12 1.7519e-12 1.7323e-12 2.7317e-12 2.9663e-12 1.3939e-12 2.6058e-12 4.5983e-12 2.4555e-12 3.485e-12 8.6951e-13 2.8634e-12 1.9287e-12 2.2422e-12 1.582e-12 1.1691e-12 1.6123e-12 1.2675e-12 1.5552e-12 1.6407e-12 1.882e-12 2.5019e-12 2.0987e-12
1.5677e-11 1.3105e-11 1.0629e-11 7.2423e-12 5.1138e-12 5.0158e-12 7.629e-12 1.2424e-11 3.6446e-12 3.947e-12 4.4277e-12 3.282e-12 7.2373e-12 3.1562e-12 3.4842e-12 2.6039e-12 2.8513e-12 6.0401e-12 2.5771e-12 2.6196e-12 3.1755e-12 3.2378e-12 2.9959e-12 2.9384e-12 6.4013e-12 3.1305e-12 3.9643e-12 1.4818e-12 1.7651e-12 2.2926e-12 6.334e-12 1.81e-12 1.7706e-12 2.3826e-12 1.4224e-12 1.3411e-12 1.1297e-12 1.1621e-12 1.1634e-12 2.6431e-12 1.1164e-12 1.8885e-12 1.5716e-12 1.1431e-12 2.769e-12 2.0162e-12 2.1009e-12 2.1478e-12
1.0414e-11 9.3824e-12 7.6721e-12 7.7755e-12 8.9135e-12 7.7528e-12 4.8948e-12 4.8166e-12 2.8171e-12 3.1149e-12 3.9377e-12 3.9419e-12 3.1528e-12 4.5162e-12 3.2918e-12 3.5272e-12 3.4917e-12 3.2986e-12 2.8478e-12 3.0781e-12 5.9363e-12 4.8894e-12 2.7584e-12 2.7569e-12 3.4309e-12 3.1656e-12 2.5895e-12 2.363e-12 2.6426e-12 3.0746e-12 2.0389e-12 1.8189e-12 1.2171e-12 1.2177e-12 1.0898e-12 1.0759e-12 8.8459e-13 9.5992e-13 1.938e-12 1.4176e-12 1.3044e-12 1.2931e-12 2.2302e-12 2.0921e-12 2.2643e-12 2.3866e-12 2.2949e-12 2.4794e-12
1.4495e-11 1.1152e-11 1.1073e-11 1.0115e-11 4.9779e-12 5.7411e-12 7.5509e-12 4.2298e-12 9.35e-12 2.7657e-12 6.1596e-12 7.3261e-12 2.9429e-12 3.3653e-12 2.9164e-12 3.4272e-12 4.3617e-12 3.0873e-12 5.1797e-12 2.5681e-12 2.8637e-12 1.9564e-12 2.2027e-12 2.4698e-12 2.4446e-12 4.0511e-12 3.9863e-12 3.6451e-12 2.225e-12 1.8102e-12 4.6266e-12 2.5285e-12 2.9962e-12 1.9739e-12 1.2004e-12 1.0498e-12 1.4629e-12 7.8909e-13 1.328e-12 2.1278e-12 1.3685e-12 1.3367e-12 1.9386e-12 2.2849e-12 1.64e-12 2.0982e-12 2.548e-12 2.5472e-12
3.198e-11 1.5395e-11 1.4315e-11 1.0327e-11 1.0759e-11 1.048e-11 8.2149e-12 5.1986e-12 4.4272e-12 3.4012e-12 3.4046e-12 7.9837e-12 6.72e-12 5.0767e-12 4.8465e-12 2.5823e-12 3.9048e-12 4.3064e-12 2.9656e-12 3.5474e-12 2.9591e-12 1.4154e-12 3.0425e-12 2.6401e-12 2.2574e-12 3.2539e-12 3.6176e-12 3.1433e-12 1.6044e-12 1.5272e-12 1.1766e-12 2.8007e-12 3.1018e-12 2.7147e-12 2.4528e-12 2.4604e-12 1.8209e-12 1.9459e-12 1.7182e-12 1.0218e-12 1.2346e-12 1.2548e-12 1.6799e-12 1.7197e-12 1.8997e-12 2.1932e-12 2.3905e-12 2.3729e-12
2.4747e-11 1.9987e-11 2.5194e-11 1.3106e-11 1.6405e-11 1.0401e-11 8.6662e-12 5.5916e-12 5.2108e-12 4.1678e-12 2.8462e-12 4.242e-12 6.4337e-12 9.6277e-12 3.6024e-12 6.0896e-12 4.5709e-12 6.5854e-12 2.3223e-12 3.1337e-12 2.7385e-12 3.0571e-12 1.429e-12 2.7816e-12 2.618e-12 2.6716e-12 1.5535e-12 1.9547e-12 3.119e-12 2.9296e-12 1.4828e-12 2.7285e-12 5.3355e-12 2.2964e-12 2.7842e-12 9.2259e-13 3.3693e-12 1.7567e-12 2.1364e-12 1.441e-12 1.3923e-12 1.5914e-12 1.5554e-12 1.4553e-12 1.755e-12 1.8831e-12 2.2794e-12 2.2476e-12
3.3201e-11 1.7334e-11 1.3761e-11 1.1394e-11 1.1858e-11 1.0048e-11 8.0996e-12 5.4514e-12 4.0186e-12 2.8915e-12 3.33e-12 6.765e-12 6.9763e-12 6.0086e-12 5.4241e-12 2.8709e-12 4.6391e-12 4.1341e-12 3.3824e-12 3.6334e-12 3.2283e-12 1.6515e-12 3.4035e-12 2.3193e-12 2.356e-12 2.9496e-12 3.327e-12 2.9286e-12 1.5817e-12 1.4229e-12 1.3374e-12 2.9004e-12 2.8287e-12 2.9834e-12 2.0195e-12 2.466e-12 2.0845e-12 1.8428e-12 2.0121e-12 1.0222e-12 1.3011e-12 1.1787e-12 1.5778e-12 1.5628e-12 1.9172e-12 2.0068e-12 2.2801e-12 2.3814e-12
1.5209e-11 1.1649e-11 1.2125e-11 7.8231e-12 5.1436e-12 5.6015e-12 7.7019e-12 4.2811e-12 9.7762e-12 3.3987e-12 5.5868e-12 7.5323e-12 3.5035e-12 2.9685e-12 3.0366e-12 3.2183e-12 4.3956e-12 2.9295e-12 3.9546e-12 2.6642e-12 3.1288e-12 2.0417e-12 2.507e-12 2.228e-12 2.14e-12 3.5472e-12 4.253e-12 3.5893e-12 2.2205e-12 1.6007e-12 4.8778e-12 2.3462e-12 2.6812e-12 1.9814e-12 1.1519e-12 1.0457e-12 1.5112e-12 7.5393e-13 1.177e-12 2.2218e-12 1.4697e-12 1.3461e-12 1.708e-12 2.3561e-12 1.5921e-12 2.0267e-12 2.6127e-12 2.4402e-12
8.7656e-12 8.8974e-12 1.0004e-11 8.63e-12 7.9624e-12 7.2981e-12 5.1684e-12 5.668e-12 4.5456e-12 4.2733e-12 3.368e-12 3.4809e-12 4.9769e-12 5.0072e-12 3.0403e-12 2.5766e-12 2.558e-12 2.2615e-12 2.9996e-12 2.4811e-12 3.32e-12 3.7831e-12 4.284e-12 4.3254e-12 2.2466e-12 2.4478e-12 3.026e-12 3.128e-12 2.8924e-12 3.0033e-12 1.7239e-12 1.8435e-12 2.2675e-12 2.3828e-12 1.0939e-12 1.0974e-12 1.0546e-12 1.15e-12 1.3923e-12 1.4296e-12 1.7086e-12 1.6869e-12 1.5819e-12 1.3189e-12 2.2752e-12 2.3826e-12 2.9592e-12 2.5403e-12
1.3283e-11 1.0239e-11 1.143e-11 8.4457e-12 6.8149e-12 8.3629e-12 8.8952e-12 4.8137e-12 6.3227e-12 1.1654e-11 1.1701e-11 4.9901e-12 4.9596e-12 3.0997e-12 2.4126e-12 4.6654e-12 4.1561e-12 1.9399e-12 1.4219e-12 2.421e-12 2.3189e-12 2.2236e-12 3.6041e-12 3.1111e-12 1.6368e-12 2.835e-12 2.355e-12 2.468e-12 4.3186e-12 3.49e-12 2.1242e-12 3.2911e-12 5.3552e-12 4.2671e-12 1.6294e-12 1.4973e-12 8.8357e-13 9.4911e-13 9.1663e-13 1.2094e-12 1.4748e-12 1.1084e-12 1.7923e-12 1.9657e-12 2.526e-12 2.3828e-12 2.7671e-12 2.9994e-12
1.3146e-11 1.1309e-11 1.2578e-11 8.2192e-12 5.589e-12 5.4617e-12 7.7764e-12 4.4861e-12 9.851e-12 3.0971e-12 5.1534e-12 6.997e-12 3.2933e-12 3.3206e-12 3.3034e-12 3.5719e-12 4.579e-12 2.753e-12 4.1629e-12 2.6671e-12 3.3381e-12 2.265e-12 2.1506e-12 2.4908e-12 2.4553e-12 3.7732e-12 4.6251e-12 4.067e-12 2.329e-12 1.7126e-12 4.2545e-12 2.4674e-12 3.1246e-12 2.0524e-12 1.3091e-12 1.0256e-12 1.4734e-12 8.1224e-13 1.3029e-12 2.2407e-12 1.3253e-12 1.3021e-12 1.7818e-12 2.0539e-12 1.6681e-12 2.226e-12 2.3963e-12 2.3811e-12
1.6783e-11 1.0932e-11 1.101e-11 1.023e-11 6.0668e-12 5.3789e-12 7.2e-12 1.0913e-11 4.356e-12 4.0209e-12 4.6886e-12 2.9626e-12 6.4111e-12 3.191e-12 2.7786e-12 2.5639e-12 2.631e-12 6.1634e-12 2.8545e-12 2.5054e-12 3.1035e-12 3.1152e-12 2.9565e-12 2.6706e-12 5.0952e-12 3.104e-12 4.6117e-12 1.5319e-12 1.3961e-12 2.4179e-12 4.5351e-12 1.8865e-12 1.8865e-12 2.3514e-12 1.3349e-12 1.4164e-12 1.0308e-12 1.1607e-12 1.0962e-12 2.9849e-12 1.1422e-12 1.7996e-12 1.5935e-12 1.3403e-12 2.8272e-12 1.9849e-12 1.918e-12 2.3148e-12
1.4341e-11 1.1911e-11 1.1224e-11 7.8605e-12 5.7603e-12 5.6294e-12 6.5538e-12 4.6283e-12 1.0402e-11 3.024e-12 4.9272e-12 8.6224e-12 2.9911e-12 3.0312e-12 3.5554e-12 3.2383e-12 4.443e-12 2.8537e-12 3.8694e-12 2.4345e-12 3.0803e-12 2.0446e-12 2.1425e-12 2.2433e-12 1.921e-12 3.6842e-12 4.8061e-12 3.3394e-12 2.1752e-12 1.8126e-12 4.6645e-12 2.1738e-12 3.3102e-12 1.9923e-12 1.1089e-12 1.0967e-12 1.6619e-12 7.8375e-13 1.0885e-12 2.4387e-12 1.5284e-12 1.5218e-12 1.7295e-12 2.617e-12 1.6222e-12 2.2762e-12 2.3086e-12 2.5373e-12
1.2665e-11 9.312e-12 1.1958e-11 8.6891e-12 5.2065e-12 7.8886e-12 7.5459e-12 4.591e-12 5.9302e-12 1.1107e-11 8.9129e-12 4.3193e-12 4.2239e-12 2.8486e-12 2.1463e-12 4.3806e-12 3.7694e-12 1.8071e-12 1.2611e-12 3.4736e-12 2.0862e-12 1.8082e-12 4.3055e-12 3.2868e-12 1.3718e-12 3.2302e-12 2.2263e-12 2.3356e-12 3.8448e-12 3.9152e-12 2.4789e-12 3.3286e-12 3.9787e-12 4.945e-12 1.4667e-12 1.4377e-12 9.0548e-13 7.5074e-13 7.466e-13 1.2071e-12 1.6496e-12 1.2365e-12 1.5754e-12 2.1242e-12 2.6756e-12 2.6476e-12 2.4535e-12 2.7799e-12
1.1378e-11 1.2717e-11 7.461e-12 6.5801e-12 8.1591e-12 8.4769e-12 7.988e-12 8.755e-12 5.7779e-12 6.78e-12 8.037e-12 8.2537e-12 3.8674e-12 3.9131e-12 2.8152e-12 3.0816e-12 3.5488e-12 3.5108e-12 1.8907e-12 1.8993e-12 1.9792e-12 2.0974e-12 1.9032e-12 1.8512e-12 1.7826e-12 2.0658e-12 3.7027e-12 3.1806e-12 3.2829e-12 3.4939e-12 3.5377e-12 3.6469e-12 3.161e-12 2.8229e-12 1.7648e-12 1.8363e-12 7.2779e-13 7.5489e-13 1.0376e-12 1.2124e-12 1.6254e-12 1.5874e-12 1.5112e-12 1.5007e-12 3.0792e-12 2.7634e-12 3.2335e-12 2.6806e-12
1.3202e-11 1.1854e-11 7.4255e-12 7.986e-12 7.3267e-12 7.607e-12 8.6669e-12 7.7262e-12 6.219e-12 6.7314e-12 8.8951e-12 8.439e-12 3.5504e-12 4.3519e-12 2.8417e-12 2.6528e-12 2.9772e-12 3.3191e-12 1.6705e-12 1.7205e-12 1.7111e-12 1.9126e-12 1.9859e-12 2.0913e-12 1.6737e-12 1.7298e-12 3.5413e-12 3.6836e-12 3.1372e-12 3.484e-12 3.3004e-12 3.3842e-12 2.8706e-12 2.8333e-12 2.0331e-12 1.8761e-12 7.3039e-13 6.8508e-13 1.0114e-12 1.0752e-12 1.7231e-12 1.5938e-12 1.616e-12 1.6601e-12 2.9959e-12 2.8619e-12 2.4077e-12 2.8555e-12
8.4737e-12 9.1352e-12 1.0015e-11 1.0622e-11 8.3661e-12 7.3705e-12 5.4921e-12 5.0915e-12 4.1964e-12 3.9304e-12 3.5104e-12 4.3097e-12 4.4919e-12 4.4407e-12 2.6842e-12 2.8283e-12 1.9193e-12 2.2381e-12 2.8637e-12 2.5259e-12 3.282e-12 3.1468e-12 3.9275e-12 4.941e-12 2.2865e-12 2.2911e-12 3.0781e-12 3.1277e-12 3.5151e-12 2.9492e-12 1.9145e-12 1.6115e-12 2.0268e-12 2.0866e-12 1.1749e-12 1.1297e-12 1.1469e-12 1.1175e-12 1.3067e-12 1.2611e-12 1.6326e-12 1.8129e-12 1.222e-12 1.3879e-12 2.5012e-12 2.2308e-12 2.7965e-12 2.4188e-12
1.1543e-11 1.1851e-11 8.4788e-12 8.0518e-12 7.4021e-12 7.9181e-12 5.3334e-12 4.9899e-12 2.9887e-12 3.0142e-12 3.7967e-12 4.0158e-12 3.3615e-12 3.8822e-12 2.7202e-12 2.7908e-12 3.5718e-12 3.7781e-12 3.0713e-12 2.8127e-12 4.7409e-12 5.5892e-12 2.8474e-12 2.6998e-12 3.9966e-12 3.1416e-12 2.5308e-12 2.7859e-12 2.9996e-12 2.7414e-12 1.7476e-12 2.0062e-12 1.3945e-12 1.1816e-12 1.0021e-12 1.2333e-12 1.0228e-12 1.0807e-12 1.461e-12 1.5965e-12 1.5856e-12 1.695e-12 2.2346e-12 2.2825e-12 2.1034e-12 1.9318e-12 2.46e-12 2.2876e-12
9.5874e-12 7.9267e-12 1.119e-11 1.0779e-11 7.7926e-12 9.5305e-12 5.324e-12 5.6631e-12 3.9957e-12 3.7094e-12 3.4772e-12 4.0796e-12 6.4356e-12 4.7706e-12 2.267e-12 2.7258e-12 2.198e-12 2.3045e-12 2.8643e-12 2.5749e-12 3.2158e-12 3.8247e-12 3.97e-12 3.8664e-12 2.1248e-12 2.1401e-12 3.5538e-12 2.8124e-12 3.464e-12 2.9619e-12 1.832e-12 1.7309e-12 2.2922e-12 2.2259e-12 1.2154e-12 1.1379e-12 1.1912e-12 1.2129e-12 1.4551e-12 1.2938e-12 1.7079e-12 1.9164e-12 1.2596e-12 1.3588e-12 2.2715e-12 2.4047e-12 2.6592e-12 2.8215e-12
1.0811e-11 1.1238e-11 8.6246e-12 6.5366e-12 8.0415e-12 7.2465e-12 7.7945e-12 8.8234e-12 7.6267e-12 6.492e-12 8.7591e-12 9.1422e-12 4.0836e-12 4.1751e-12 2.725e-12 2.4337e-12 3.5585e-12 3.5946e-12 1.9297e-12 1.7083e-12 1.9883e-12 2.0557e-12 2.2209e-12 1.9048e-12 1.679e-12 1.9052e-12 3.4962e-12 3.6117e-12 3.3823e-12 3.8618e-12 3.7667e-12 3.6526e-12 2.8827e-12 2.9888e-12 1.9981e-12 1.785e-12 7.3883e-13 6.8958e-13 1.0473e-12 1.112e-12 1.5422e-12 1.7303e-12 1.5957e-12 1.461e-12 3.2313e-12 2.9144e-12 2.5651e-12 2.8175e-12
1.1261e-11 9.0339e-12 1.2137e-11 1.0869e-11 1.0977e-11 1.1148e-11 1.195e-11 1.3255e-11 7.057e-12 8.333e-12 7.2938e-12 7.9365e-12 4.2705e-12 3.72e-12 4.0862e-12 3.304e-12 1.6673e-12 2.3564e-12 2.2266e-12 1.8832e-12 5.5796e-12 5.6911e-12 5.2454e-12 5.9792e-12 5.5867e-12 6.3384e-12 5.8456e-12 5.6545e-12 3.5877e-12 4.0558e-12 3.4439e-12 3.6127e-12 2.5636e-12 2.9216e-12 2.5704e-12 2.5278e-12 8.1167e-13 8.2866e-13 6.6397e-13 7.5708e-13 1.7487e-12 1.6086e-12 1.8488e-12 1.8337e-12 3.2702e-12 2.861e-12 3.1246e-12 2.967e-12
1.6853e-11 9.1576e-12 1.0668e-11 9.5034e-12 6.1795e-12 8.1276e-12 7.5859e-12 4.5999e-12 5.1062e-12 9.5422e-12 1.1397e-11 4.6626e-12 4.9711e-12 3.0379e-12 2.5501e-12 4.684e-12 4.2234e-12 1.8955e-12 1.3261e-12 2.9271e-12 3.4092e-12 1.9564e-12 1.6369e-12 1.3844e-12 2.4588e-12 3.4955e-12 2.6714e-12 3.5899e-12 3.0642e-12 3.3416e-12 2.3113e-12 3.1324e-12 4.9603e-12 4.2926e-12 1.403e-12 1.6416e-12 8.8277e-13 7.5038e-13 7.6546e-13 1.1542e-12 1.3841e-12 1.2783e-12 1.6895e-12 1.9196e-12 2.7173e-12 2.5628e-12 2.788e-12 2.5457e-12
1.3601e-11 1.2266e-11 9.8674e-12 8.3179e-12 5.617e-12 5.2948e-12 7.0678e-12 3.9488e-12 9.9838e-12 3.8706e-12 5.3677e-12 8.0877e-12 3.4024e-12 3.1618e-12 3.0962e-12 3.0774e-12 3.9789e-12 2.6477e-12 3.837e-12 2.5832e-12 3.0111e-12 2.1484e-12 2.3462e-12 2.0116e-12 2.2586e-12 3.4778e-12 4.1581e-12 3.5933e-12 2.169e-12 1.6719e-12 4.6558e-12 2.2322e-12 3.0188e-12 1.9035e-12 1.1108e-12 1.1982e-12 1.5677e-12 7.9466e-13 1.0921e-12 2.2656e-12 1.6859e-12 1.3785e-12 1.6405e-12 2.1831e-12 1.4813e-12 2.0805e-12 2.5786e-12 3.0937e-12
1.2343e-11 1.3449e-11 9.6189e-12 7.2733e-12 6.0474e-12 5.0411e-12 6.7256e-12 1.0889e-11 3.7182e-12 5.6599e-12 4.1385e-12 3.1767e-12 6.062e-12 2.9996e-12 2.9367e-12 2.696e-12 2.9461e-12 4.2428e-12 2.5833e-12 3.6857e-12 2.2608e-12 3.3882e-12 3.193e-12 2.603e-12 5.0973e-12 2.9752e-12 3.6126e-12 1.5018e-12 1.5961e-12 2.347e-12 5.3605e-12 1.6076e-12 1.6922e-12 2.5146e-12 1.3005e-12 1.297e-12 9.994e-13 1.167e-12 1.2598e-12 2.606e-12 1.2391e-12 1.6088e-12 1.6494e-12 1.2327e-12 3.0429e-12 2.0058e-12 2.162e-12 2.0524e-12
1.3317e-11 1.2048e-11 9.7788e-12 8.404e-12 5.2349e-12 7.1204e-12 7.2558e-12 4.3925e-12 8.803e-12 3.8183e-12 6.1807e-12 7.8094e-12 2.6503e-12 3.4282e-12 3.2562e-12 3.0052e-12 4.5881e-12 2.8135e-12 4.202e-12 2.6904e-12 2.8269e-12 2.1531e-12 2.1614e-12 1.7679e-12 2.1899e-12 3.4245e-12 4.4394e-12 3.8737e-12 2.2678e-12 1.703e-12 5.0877e-12 2.4216e-12 2.8865e-12 1.8432e-12 1.1464e-12 1.0596e-12 1.5307e-12 8.041e-13 1.2468e-12 2.3308e-12 1.3795e-12 1.3551e-12 1.7227e-12 2.1684e-12 1.5897e-12 2.0525e-12 2.7412e-12 2.7579e-12
1.4495e-11 9.7386e-12 1.1254e-11 9.1633e-12 4.9535e-12 7.6683e-12 7.6984e-12 4.8258e-12 4.6932e-12 1.0031e-11 8.8091e-12 5.2816e-12 3.8406e-12 2.9029e-12 2.5347e-12 4.6607e-12 3.8905e-12 1.8393e-12 1.2845e-12 2.7652e-12 3.8315e-12 2.2891e-12 2.1751e-12 1.6104e-12 2.4641e-12 2.9489e-12 2.6348e-12 3.2843e-12 3.0502e-12 2.8977e-12 2.2105e-12 3.0454e-12 4.2688e-12 4.8263e-12 1.5502e-12 1.6109e-12 8.5123e-13 8.7042e-13 8.8536e-13 1.3535e-12 1.5911e-12 1.268e-12 1.6631e-12 1.8621e-12 2.3757e-12 2.6649e-12 3.1328e-12 2.8859e-12
1.4207e-11 1.2517e-11 7.9612e-12 7.0548e-12 6.7936e-12 8.9579e-12 8.5989e-12 8.1247e-12 5.6213e-12 7.367e-12 8.8557e-12 8.2143e-12 4.2085e-12 5.0666e-12 2.9567e-12 3.0719e-12 3.5656e-12 3.3447e-12 1.8165e-12 2.1569e-12 2.0789e-12 2.1799e-12 2.0184e-12 2.0687e-12 2.0344e-12 2.0099e-12 3.2407e-12 3.2526e-12 3.6811e-12 3.6586e-12 3.388e-12 3.4751e-12 3.4728e-12 3.1143e-12 1.6477e-12 1.9191e-12 6.7528e-13 7.0563e-13 1.0794e-12 1.1591e-12 1.5619e-12 1.5785e-12 1.6161e-12 1.3881e-12 2.8463e-12 3.2474e-12 2.9323e-12 2.9114e-12
1.5555e-11 1.2578e-11 1.1881e-11 9.6071e-12 5.4174e-12 4.8403e-12 6.8454e-12 4.4302e-12 1.0093e-11 4.1021e-12 5.4319e-12 6.9112e-12 2.7719e-12 3.0651e-12 3.3261e-12 2.9791e-12 4.9777e-12 2.7214e-12 3.5637e-12 2.3023e-12 2.8244e-12 2.1864e-12 2.4715e-12 2.2228e-12 2.2497e-12 3.4044e-12 4.2953e-12 3.4025e-12 2.2903e-12 1.6884e-12 5.1187e-12 2.1688e-12 3.2285e-12 1.7819e-12 1.1943e-12 1.0674e-12 1.5659e-12 7.5392e-13 1.2061e-12 2.3624e-12 1.4685e-12 1.371e-12 1.5961e-12 2.6486e-12 1.5282e-12 2.3141e-12 2.3828e-12 2.6192e-12
3.1669e-11 1.9722e-11 1.8208e-11 1.4526e-11 8.6804e-12 8.5482e-12 5.7621e-12 5.5072e-12 4.7793e-12 5.6266e-12 6.4474e-12 6.5741e-12 2.8265e-12 3.4926e-12 4.9047e-12 5.0044e-12 4.5043e-12 3.8029e-12 4.1851e-12 3.4679e-12 2.6173e-12 1.4756e-12 2.9085e-12 2.4435e-12 2.0501e-12 3.1105e-12 3.5301e-12 2.9964e-12 1.6565e-12 1.5351e-12 1.1427e-12 3.3081e-12 3.2311e-12 2.9708e-12 2.1592e-12 2.212e-12 1.8986e-12 1.9637e-12 2.0748e-12 1.0703e-12 1.302e-12 1.1222e-12 1.7332e-12 1.6924e-12 1.9313e-12 2.3917e-12 2.6427e-12 2.6263e-12
2.8901e-11 2.6982e-11 1.9968e-11 1.0654e-11 1.3148e-11 1.3088e-11 6.4382e-12 6.3061e-12 5.8998e-12 4.1492e-12 3.9318e-12 6.0876e-12 1.2101e-11 5.0977e-12 6.7377e-12 5.6496e-12 3.8222e-12 7.1825e-12 2.2348e-12 3.5695e-12 2.7224e-12 3.7071e-12 1.5879e-12 2.2747e-12 2.9427e-12 2.6438e-12 1.4061e-12 2.5823e-12 1.9601e-12 2.7608e-12 1.3963e-12 2.5891e-12 6.1692e-12 2.773e-12 3.1568e-12 9.7099e-13 3.0535e-12 1.9427e-12 2.2608e-12 1.3988e-12 1.1862e-12 1.5135e-12 1.3564e-12 1.5194e-12 1.4389e-12 2.0388e-12 2.073e-12 2.2689e-12
2.6554e-11 1.804e-11 1.7446e-11 1.3121e-11 1.021e-11 8.6924e-12 7.1302e-12 5.3624e-12 5.1652e-12 5.513e-12 7.2375e-12 7.1931e-12 3.0443e-12 3.9597e-12 6.0823e-12 5.1984e-12 3.4336e-12 3.8704e-12 3.422e-12 3.2362e-12 2.8294e-12 1.2507e-12 2.5554e-12 2.3503e-12 2.2574e-12 2.803e-12 3.4017e-12 3.1181e-12 1.4762e-12 1.5489e-12 1.1032e-12 2.7848e-12 3.2934e-12 3.2619e-12 2.1878e-12 2.4006e-12 1.9741e-12 2.0172e-12 1.8699e-12 9.9176e-13 1.3264e-12 1.1869e-12 1.5993e-12 1.766e-12 1.941e-12 2.0446e-12 2.2404e-12 2.4468e-12
1.3075e-11 1.1219e-11 1.089e-11 8.7426e-12 5.0011e-12 4.766e-12 7.8732e-12 3.8645e-12 9.1187e-12 4.0705e-12 5.3626e-12 8.8804e-12 2.8979e-12 3.5103e-12 3.3321e-12 2.8781e-12 4.6113e-12 2.6944e-12 4.424e-12 2.7104e-12 2.8424e-12 1.7479e-12 2.4674e-12 2.0669e-12 2.229e-12 3.8274e-12 4.1628e-12 3.6513e-12 2.4289e-12 1.7825e-12 5.5225e-12 2.4484e-12 2.7564e-12 1.9064e-12 1.1733e-12 1.1305e-12 1.461e-12 8.0349e-13 1.2942e-12 2.8225e-12 1.5575e-12 1.2362e-12 1.7633e-12 2.1192e-12 1.7606e-12 2.2257e-12 2.3413e-12 2.6954e-12
8.1998e-12 8.7271e-12 9.8327e-12 9.2466e-12 8.2874e-12 7.2702e-12 6.3063e-12 5.4577e-12 3.8126e-12 4.2564e-12 3.4693e-12 3.8405e-12 4.7046e-12 4.0675e-12 2.78e-12 2.47e-12 2.4449e-12 2.5837e-12 2.6166e-12 2.4946e-12 3.7078e-12 3.3383e-12 3.7405e-12 3.5777e-12 2.8131e-12 2.6909e-12 3.5243e-12 3.3734e-12 3.0895e-12 3.1627e-12 1.6864e-12 1.7267e-12 2.1321e-12 2.1436e-12 1.1375e-12 1.1261e-12 1.0738e-12 1.1213e-12 1.3213e-12 1.3904e-12 1.815e-12 1.5602e-12 1.3485e-12 1.3715e-12 2.3216e-12 2.3913e-12 2.4079e-12 2.8996e-12
1.3543e-11 1.3242e-11 1.0245e-11 6.7822e-12 6.1771e-12 5.5815e-12 6.2547e-12 1.1676e-11 2.9862e-12 4.7167e-12 3.8069e-12 3.3367e-12 7.4907e-12 2.8266e-12 3.207e-12 2.4743e-12 3.2044e-12 4.2961e-12 3.0263e-12 3.4841e-12 2.6748e-12 2.7968e-12 3.0513e-12 2.6151e-12 4.771e-12 3.3033e-12 3.84e-12 1.5194e-12 1.5475e-12 2.155e-12 5.7659e-12 1.5462e-12 1.7762e-12 2.5965e-12 1.3351e-12 1.3456e-12 1.2233e-12 1.043e-12 1.176e-12 2.9125e-12 1.1078e-12 1.9938e-12 1.4979e-12 1.2754e-12 3.4882e-12 2.0381e-12 2.0301e-12 2.1205e-12
3.1259e-11 2.528e-11 2.0782e-11 1.0272e-11 1.1024e-11 1.5597e-11 6.059e-12 6.448e-12 5.7061e-12 3.6433e-12 3.649e-12 7.1254e-12 1.052e-11 4.7898e-12 6.3724e-12 5.4339e-12 3.7077e-12 5.8971e-12 1.8825e-12 3.2868e-12 2.8073e-12 3.002e-12 1.6898e-12 2.7768e-12 2.774e-12 2.4836e-12 1.3999e-12 2.8662e-12 1.7575e-12 2.7259e-12 1.4385e-12 2.6306e-12 5.1651e-12 2.26e-12 3.3843e-12 8.3956e-13 3.0876e-12 1.9935e-12 2.1182e-12 1.4827e-12 1.1961e-12 1.5757e-12 1.2333e-12 1.7536e-12 1.68e-12 1.9086e-12 2.2987e-12 1.9241e-12
1.3999e-10 1.4523e-10 5.9805e-11 1.914e-11 2.0217e-11 1.7975e-11 1.1206e-11 9.1844e-12 4.4193e-12 5.2079e-12 5.1499e-12 5.2091e-12 4.9094e-12 1.2653e-11 1.2125e-11 1.2255e-11 1.1737e-11 5.4523e-12 5.0714e-12 2.0118e-12 1.4685e-12 1.4021e-12 3.1131e-12 2.6576e-12 2.3281e-12 2.5995e-12 2.6847e-12 2.2562e-12 2.2606e-12 1.3279e-12 1.7376e-12 7.3961e-13 2.9155e-12 3.0938e-12 5.9498e-12 5.4305e-12 5.6904e-12 5.2243e-12 2.5951e-12 2.354e-12 1.6187e-12 1.2844e-12 1.3327e-12 1.8236e-12 2.0384e-12 2.0901e-12 2.1106e-12 2.0372e-12
2.7645e-11 2.1584e-11 2.1684e-11 1.1692e-11 1.2815e-11 1.448e-11 5.5701e-12 7.6665e-12 5.3233e-12 3.5469e-12 3.7458e-12 6.3982e-12 8.9701e-12 5.5074e-12 6.3432e-12 5.9262e-12 3.91e-12 5.3558e-12 2.1437e-12 4.3084e-12 2.7716e-12 3.2325e-12 1.5603e-12 3.1112e-12 2.8035e-12 2.7739e-12 1.498e-12 2.6139e-12 1.9382e-12 2.8011e-12 1.4537e-12 2.2953e-12 4.8625e-12 2.4279e-12 3.0098e-12 8.5342e-13 3.1701e-12 1.779e-12 2.2961e-12 1.4126e-12 1.2214e-12 1.6167e-12 1.2678e-12 1.5144e-12 1.5473e-12 2.1394e-12 2.0356e-12 2.1609e-12
1.5196e-11 1.3198e-11 8.9202e-12 7.8436e-12 5.6905e-12 5.2226e-12 7.0332e-12 1.0529e-11 3.2472e-12 5.3855e-12 3.6353e-12 2.6274e-12 8.1231e-12 2.9707e-12 2.6059e-12 2.6237e-12 3.0852e-12 3.8598e-12 3.0156e-12 3.508e-12 2.5187e-12 3.4705e-12 3.2697e-12 2.5595e-12 5.2846e-12 3.3786e-12 3.9979e-12 1.5881e-12 1.4809e-12 2.2961e-12 5.5147e-12 1.6492e-12 1.7443e-12 2.5468e-12 1.2946e-12 1.4314e-12 1.216e-12 1.1883e-12 1.1981e-12 2.7133e-12 1.129e-12 1.8646e-12 1.4679e-12 1.1515e-12 2.7862e-12 1.9502e-12 2.2251e-12 2.3716e-12
1.1017e-11 1.0649e-11 9.4636e-12 8.5785e-12 8.0494e-12 8.3867e-12 4.8576e-12 6.0149e-12 2.9265e-12 2.9181e-12 4.2143e-12 3.3845e-12 3.4996e-12 4.3424e-12 3.2805e-12 3.0025e-12 3.0843e-12 3.5894e-12 3.5751e-12 2.9585e-12 6.1004e-12 5.2734e-12 3.4807e-12 3.1652e-12 2.9359e-12 2.7707e-12 2.8159e-12 2.4962e-12 2.6742e-12 3.2068e-12 1.8241e-12 1.6843e-12 1.1131e-12 1.275e-12 1.1243e-12 1.1161e-12 9.4053e-13 9.118e-13 1.7997e-12 1.4353e-12 1.5088e-12 1.3617e-12 2.5779e-12 2.197e-12 2.2707e-12 2.0378e-12 2.6523e-12 2.3111e-12
1.3073e-11 1.1919e-11 1.1216e-11 9.1466e-12 5.3868e-12 5.0498e-12 6.7552e-12 4.2623e-12 9.7141e-12 4.2708e-12 5.4104e-12 7.3084e-12 2.7694e-12 2.9163e-12 3.7122e-12 3.3562e-12 4.4455e-12 2.6014e-12 4.5128e-12 2.8756e-12 3.0533e-12 1.9507e-12 2.5338e-12 1.9847e-12 2.2934e-12 3.544e-12 4.2084e-12 3.907e-12 2.4837e-12 1.5705e-12 5.381e-12 2.6746e-12 3.017e-12 1.9259e-12 1.2371e-12 1.0866e-12 1.7109e-12 7.9004e-13 1.3557e-12 2.4641e-12 1.5113e-12 1.3219e-12 1.9482e-12 2.3195e-12 1.7504e-12 2.1954e-12 2.5297e-12 2.576e-12
3.0506e-11 1.6623e-11 1.6238e-11 1.4515e-11 9.6225e-12 9.3203e-12 5.7962e-12 5.8944e-12 6.3327e-12 5.4557e-12 8.3171e-12 6.1349e-12 2.6727e-12 3.8451e-12 6.1722e-12 4.7029e-12 3.943e-12 3.7693e-12 4.299e-12 3.0719e-12 2.7509e-12 1.2909e-12 2.872e-12 2.3094e-12 2.2549e-12 3.4311e-12 3.4295e-12 3.2521e-12 1.673e-12 1.3616e-12 1.1346e-12 2.8734e-12 3.5478e-12 3.1336e-12 2.2192e-12 2.5034e-12 1.9656e-12 1.944e-12 1.6822e-12 1.0197e-12 1.2073e-12 1.279e-12 1.6209e-12 1.9411e-12 2.0031e-12 2.1698e-12 2.3413e-12 2.5731e-12
3.0619e-11 2.7878e-11 1.6866e-11 1.0459e-11 1.1933e-11 1.2286e-11 5.3115e-12 6.615e-12 5.6075e-12 3.6288e-12 3.9151e-12 7.3064e-12 1.0531e-11 4.5802e-12 6.1346e-12 6.0068e-12 4.0199e-12 6.2284e-12 2.3797e-12 3.2114e-12 2.7389e-12 3.0114e-12 1.5684e-12 2.2997e-12 2.6059e-12 2.6956e-12 1.6119e-12 2.7993e-12 1.8049e-12 2.8377e-12 1.4555e-12 2.549e-12 6.2942e-12 2.4987e-12 3.0578e-12 9.6263e-13 3.014e-12 1.7962e-12 2.227e-12 1.4302e-12 1.2277e-12 1.4494e-12 1.4149e-12 1.5579e-12 1.6194e-12 1.8395e-12 2.4206e-12 2.1826e-12
2.9577e-11 1.8243e-11 1.7667e-11 1.4902e-11 1.035e-11 8.4216e-12 8.9465e-12 5.2664e-12 5.1872e-12 5.4135e-12 7.6852e-12 7.1445e-12 2.5039e-12 4.5041e-12 6.5813e-12 5.1545e-12 4.1618e-12 3.8096e-12 3.409e-12 3.4918e-12 3.1652e-12 1.4857e-12 2.5276e-12 2.0494e-12 2.2453e-12 3.3557e-12 3.5686e-12 3.078e-12 1.6957e-12 1.3732e-12 1.2181e-12 2.9368e-12 2.9759e-12 2.9525e-12 2.2292e-12 2.2179e-12 2.2418e-12 1.9444e-12 2.2517e-12 1.0102e-12 1.3172e-12 1.1353e-12 1.5631e-12 1.5454e-12 2.0747e-12 1.8856e-12 2.4019e-12 2.4673e-12
1.4039e-11 1.1447e-11 1.3157e-11 8.5594e-12 5.2888e-12 4.9872e-12 7.9257e-12 3.7743e-12 9.6736e-12 4.245e-12 5.7272e-12 7.8441e-12 2.8765e-12 3.0459e-12 3.3357e-12 3.1922e-12 4.2752e-12 2.8415e-12 3.9398e-12 2.5461e-12 2.7881e-12 2.2334e-12 2.8728e-12 2.0139e-12 2.4925e-12 3.2081e-12 4.734e-12 3.7884e-12 2.1364e-12 1.701e-12 4.5953e-12 2.7028e-12 2.8983e-12 1.8976e-12 1.173e-12 1.0849e-12 1.6294e-12 7.4729e-13 1.1307e-12 2.309e-12 1.6716e-12 1.5701e-12 1.8696e-12 2.3332e-12 1.5727e-12 2.2905e-12 2.69e-12 2.775e-12
8.4066e-12 8.4778e-12 1.0071e-11 9.8121e-12 7.7506e-12 7.696e-12 5.103e-12 5.9615e-12 4.199e-12 3.971e-12 3.73e-12 3.797e-12 4.7158e-12 4.6759e-12 2.83e-12 2.6926e-12 2.8132e-12 2.6853e-12 2.8322e-12 2.5209e-12 3.3652e-12 3.385e-12 3.4157e-12 3.2125e-12 3.1972e-12 2.811e-12 3.4442e-12 3.3735e-12 3.0754e-12 3.0709e-12 1.7459e-12 2.0007e-12 2.3626e-12 2.4184e-12 1.1976e-12 1.1733e-12 1.0277e-12 1.213e-12 1.426e-12 1.5025e-12 1.811e-12 1.76e-12 1.3274e-12 1.2847e-12 2.078e-12 2.3868e-12 2.7599e-12 2.5111e-12
1.371e-11 9.9322e-12 1.1604e-11 8.8425e-12 5.6213e-12 8.6409e-12 7.5809e-12 4.4058e-12 4.9162e-12 1.0311e-11 1.0286e-11 4.7317e-12 4.8599e-12 2.9145e-12 2.5041e-12 5.4352e-12 4.1939e-12 2.3259e-12 1.4361e-12 2.7899e-12 3.9688e-12 2.3641e-12 2.3714e-12 1.6604e-12 2.7157e-12 2.9631e-12 2.998e-12 3.1116e-12 2.8391e-12 3.2458e-12 2.367e-12 3.08e-12 4.5103e-12 4.0586e-12 1.3994e-12 1.5977e-12 8.5321e-13 9.191e-13 8.6093e-13 1.2196e-12 1.5938e-12 1.2592e-12 1.7025e-12 1.8521e-12 2.6106e-12 2.6739e-12 2.7872e-12 2.649e-12
1.2722e-11 1.3123e-11 1.0539e-11 9.1527e-12 6.1706e-12 6.3526e-12 7.5779e-12 3.5584e-12 8.9086e-12 4.1663e-12 6.1781e-12 8.4174e-12 2.8653e-12 3.519e-12 3.2312e-12 3.124e-12 4.4569e-12 2.3613e-12 4.6836e-12 2.3908e-12 2.9822e-12 2.2358e-12 2.6081e-12 1.8029e-12 2.3706e-12 3.1622e-12 4.0199e-12 3.5976e-12 2.6001e-12 1.5336e-12 5.1973e-12 2.3314e-12 3.482e-12 1.9083e-12 1.1913e-12 1.043e-12 1.453e-12 7.8746e-13 1.3792e-12 2.5663e-12 1.5428e-12 1.3045e-12 1.7569e-12 2.5748e-12 1.5401e-12 2.2671e-12 2.8215e-12 2.8158e-12
1.2983e-11 1.5435e-11 9.0606e-12 7.6482e-12 7.5255e-12 5.3987e-12 6.8547e-12 1.1288e-11 3.4932e-12 4.5524e-12 3.7797e-12 3.117e-12 6.2284e-12 3.1271e-12 2.7919e-12 2.7247e-12 2.3635e-12 3.2952e-12 2.8257e-12 3.5265e-12 3.0103e-12 2.9636e-12 4.1785e-12 2.875e-12 6.1584e-12 3.9594e-12 4.4495e-12 1.627e-12 1.4277e-12 2.4364e-12 4.9296e-12 1.6039e-12 1.7248e-12 2.3296e-12 1.5613e-12 1.4915e-12 9.8903e-13 1.1862e-12 1.1487e-12 2.8009e-12 1.0843e-12 1.5998e-12 1.599e-12 1.2404e-12 3.0748e-12 1.9223e-12 2.3022e-12 2.5754e-12
1.4112e-11 1.2289e-11 1.1015e-11 8.6034e-12 5.7406e-12 5.6095e-12 6.411e-12 4.1582e-12 8.8087e-12 4.2171e-12 5.5137e-12 8.2021e-12 2.802e-12 3.4111e-12 3.561e-12 3.09e-12 4.2286e-12 2.6561e-12 3.9545e-12 2.5107e-12 2.5815e-12 2.1636e-12 2.26e-12 2.1443e-12 2.248e-12 4.0584e-12 4.3725e-12 3.368e-12 2.3204e-12 1.7126e-12 4.7738e-12 2.36e-12 3.6259e-12 1.8932e-12 1.1416e-12 1.0565e-12 1.4971e-12 7.765e-13 1.1098e-12 2.3948e-12 1.4835e-12 1.2858e-12 1.7146e-12 2.1142e-12 1.5724e-12 2.1956e-12 2.5689e-12 2.5662e-12
1.2366e-11 9.7469e-12 9.5033e-12 9.6719e-12 6.4164e-12 8.5955e-12 8.9049e-12 4.2303e-12 5.1506e-12 1.0127e-11 9.4241e-12 4.4574e-12 4.1729e-12 3.1408e-12 2.8703e-12 4.1902e-12 4.2252e-12 1.9965e-12 1.2826e-12 2.7072e-12 3.7466e-12 2.147e-12 1.7361e-12 1.4216e-12 2.9191e-12 3.4692e-12 3.1781e-12 3.0078e-12 2.9662e-12 3.6007e-12 2.818e-12 3.0725e-12 4.5776e-12 4.1632e-12 1.4009e-12 1.5684e-12 8.825e-13 8.0078e-13 7.7909e-13 1.1865e-12 1.6533e-12 1.1771e-12 1.6017e-12 1.9269e-12 3.1111e-12 2.3898e-12 2.6107e-12 2.9558e-12
1.5237e-11 1.2621e-11 8.5507e-12 7.781e-12 9.5869e-12 7.5917e-12 1.0044e-11 8.4813e-12 6.1995e-12 7.0463e-12 8.7163e-12 8.2714e-12 4.2196e-12 5.3185e-12 2.6848e-12 3.3006e-12 3.4217e-12 3.2885e-12 1.7779e-12 2.4108e-12 1.9738e-12 2.3209e-12 2.1391e-12 2.0867e-12 2.1498e-12 2.1702e-12 3.593e-12 2.9258e-12 3.0279e-12 3.8023e-12 3.5527e-12 3.4088e-12 2.7985e-12 3.207e-12 1.8186e-12 1.7059e-12 7.2839e-13 7.3171e-13 1.0242e-12 1.1139e-12 1.5741e-12 1.5645e-12 1.5554e-12 1.4006e-12 3.0268e-12 3.1034e-12 2.6779e-12 2.5826e-12
1.0736e-11 1.5086e-11 8.3601e-12 7.6768e-12 7.69e-12 7.8515e-12 7.1457e-12 8.7416e-12 5.8482e-12 6.9368e-12 7.6271e-12 8.4126e-12 4.2197e-12 4.1034e-12 2.9098e-12 2.6735e-12 3.1455e-12 3.068e-12 1.9087e-12 1.9974e-12 2.2225e-12 1.927e-12 2.1937e-12 2.1235e-12 1.8671e-12 2.0915e-12 3.0512e-12 3.0208e-12 3.325e-12 3.3946e-12 3.4821e-12 3.609e-12 3.0031e-12 2.9245e-12 1.8024e-12 1.679e-12 7.2334e-13 6.8462e-13 1.1899e-12 1.1978e-12 1.5744e-12 1.6038e-12 1.7079e-12 1.5312e-12 2.8083e-12 3.2127e-12 2.7071e-12 2.8155e-12
7.9262e-12 8.3546e-12 1.0207e-11 1.0868e-11 8.6238e-12 8.3168e-12 4.9091e-12 5.4456e-12 3.732e-12 3.9548e-12 3.6702e-12 4.3154e-12 4.3982e-12 4.1184e-12 2.545e-12 2.7461e-12 2.2573e-12 2.7217e-12 2.5889e-12 2.6227e-12 3.4318e-12 3.1715e-12 3.0167e-12 3.37e-12 2.992e-12 2.5229e-12 3.1157e-12 2.8045e-12 3.2112e-12 2.8946e-12 1.7575e-12 1.5163e-12 2.1305e-12 2.118e-12 1.1671e-12 1.1477e-12 1.1923e-12 1.2735e-12 1.2652e-12 1.3051e-12 1.8392e-12 1.7752e-12 1.1991e-12 1.3167e-12 2.3478e-12 2.2644e-12 2.7262e-12 2.5387e-12
1.0919e-11 9.3934e-12 7.7382e-12 8.3032e-12 8.0913e-12 7.7546e-12 6.1606e-12 5.1185e-12 3.1149e-12 3.5284e-12 3.7001e-12 3.9803e-12 3.9091e-12 3.9997e-12 3.1061e-12 2.9397e-12 3.2275e-12 3.349e-12 3.0888e-12 3.0915e-12 5.5747e-12 5.2445e-12 2.5938e-12 2.585e-12 2.9095e-12 3.0101e-12 2.6885e-12 2.8511e-12 3.1895e-12 2.7475e-12 1.7787e-12 1.9494e-12 1.3624e-12 1.1676e-12 1.0359e-12 1.148e-12 1.0136e-12 1.0662e-12 1.4665e-12 1.7087e-12 1.4566e-12 1.7384e-12 2.4118e-12 2.2038e-12 1.908e-12 2.2704e-12 2.3027e-12 2.5787e-12
8.7404e-12 8.8991e-12 9.9702e-12 9.8405e-12 7.4023e-12 7.3546e-12 5.3933e-12 5.4179e-12 3.5921e-12 4.894e-12 3.5864e-12 4.0331e-12 4.3662e-12 4.5689e-12 2.616e-12 3.0236e-12 2.312e-12 2.5839e-12 2.6081e-12 2.8698e-12 3.5702e-12 3.2436e-12 3.2011e-12 3.3487e-12 3.121e-12 2.9145e-12 3.1638e-12 3.0729e-12 3.4196e-12 2.7022e-12 1.8831e-12 1.9537e-12 2.2521e-12 2.1809e-12 1.1452e-12 1.15e-12 1.2302e-12 1.2493e-12 1.297e-12 1.3133e-12 1.7696e-12 1.6029e-12 1.2753e-12 1.3301e-12 2.0607e-12 2.3531e-12 2.4427e-12 2.9762e-12
1.079e-11 1.107e-11 8.3461e-12 7.6788e-12 8.4632e-12 7.8112e-12 9.5236e-12 8.5388e-12 5.9369e-12 7.3126e-12 8.6392e-12 8.0093e-12 4.1678e-12 3.9663e-12 3.8758e-12 2.6551e-12 2.9422e-12 3.3969e-12 1.9638e-12 1.6585e-12 1.9834e-12 2.1556e-12 2.3051e-12 2.0852e-12 1.9289e-12 1.8595e-12 3.0545e-12 3.379e-12 3.7498e-12 3.4445e-12 3.2345e-12 3.2711e-12 2.7015e-12 2.9784e-12 1.9966e-12 1.7684e-12 7.1684e-13 6.8559e-13 1.0047e-12 1.0599e-12 1.6103e-12 1.483e-12 1.4662e-12 1.4971e-12 2.9539e-12 3.3329e-12 2.7126e-12 2.6067e-12
1.0747e-11 1.1261e-11 1.0751e-11 9.5451e-12 1.0381e-11 1.1915e-11 9.5761e-12 1.1299e-11 7.4492e-12 7.2613e-12 7.5268e-12 8.3793e-12 4.3294e-12 3.6414e-12 3.7533e-12 3.5553e-12 5.411e-12 5.8866e-12 6.8267e-12 5.5613e-12 5.6755e-12 5.8462e-12 6.1876e-12 5.9153e-12 1.7065e-12 2.0606e-12 1.992e-12 2.0352e-12 3.9116e-12 3.5104e-12 3.4813e-12 3.7204e-12 2.5616e-12 2.8662e-12 3.0032e-12 2.6895e-12 7.4311e-13 8.0814e-13 6.6854e-13 7.4437e-13 1.6841e-12 1.6095e-12 1.6954e-12 1.894e-12 2.9859e-12 2.7971e-12 3.0889e-12 2.8173e-12
1.3659e-11 7.9923e-12 1.075e-11 9.2006e-12 6.0479e-12 7.7881e-12 8.5629e-12 4.2266e-12 4.1312e-12 1.0487e-11 1.0114e-11 3.9976e-12 4.3979e-12 3.0015e-12 2.6682e-12 3.7619e-12 4.2892e-12 1.7874e-12 3.0034e-12 1.346e-12 3.2347e-12 2.0322e-12 1.6082e-12 1.3939e-12 3.1359e-12 3.9202e-12 3.3487e-12 3.0859e-12 1.7803e-12 3.2912e-12 3.2261e-12 3.2925e-12 4.4075e-12 5.1295e-12 1.5303e-12 1.497e-12 9.4625e-13 8.4116e-13 7.443e-13 1.242e-12 1.7508e-12 1.206e-12 1.7465e-12 2.0795e-12 2.9331e-12 2.5051e-12 2.9046e-12 2.898e-12
1.1944e-11 1.1802e-11 1.0312e-11 9.8095e-12 6.4857e-12 4.9182e-12 6.9025e-12 9.7117e-12 4.7278e-12 3.77e-12 5.6668e-12 8.9824e-12 4.1407e-12 2.9779e-12 3.2889e-12 3.6167e-12 4.1308e-12 1.9627e-12 2.7801e-12 3.814e-12 3.1579e-12 2.2372e-12 2.4699e-12 1.5843e-12 2.2855e-12 3.0373e-12 4.8998e-12 3.4351e-12 2.0963e-12 1.8079e-12 4.4708e-12 2.3426e-12 3.1269e-12 1.9817e-12 1.157e-12 1.0741e-12 1.5834e-12 7.4437e-13 1.1341e-12 2.2346e-12 1.4905e-12 1.4732e-12 1.8378e-12 2.1772e-12 1.4906e-12 2.1776e-12 2.7667e-12 2.4438e-12
1.264e-11 1.3612e-11 1.0448e-11 9.1862e-12 7.3873e-12 4.6053e-12 6.807e-12 9.0293e-12 4.692e-12 3.7212e-12 4.3937e-12 2.7199e-12 6.3273e-12 2.4157e-12 2.9225e-12 2.9417e-12 2.9835e-12 3.6243e-12 2.6385e-12 3.5812e-12 3.5825e-12 2.3275e-12 3.7999e-12 2.6226e-12 5.1299e-12 3.7015e-12 4.04e-12 1.6583e-12 1.6351e-12 2.2976e-12 5.2593e-12 1.5331e-12 1.8529e-12 2.3191e-12 1.3392e-12 1.4036e-12 9.9319e-13 1.1122e-12 1.1929e-12 2.9222e-12 1.0755e-12 1.5909e-12 1.6029e-12 1.3577e-12 2.9363e-12 2.055e-12 2.0356e-12 2.5438e-12
1.617e-11 1.2321e-11 1.1809e-11 9.8147e-12 7.1966e-12 5.5275e-12 6.9232e-12 8.3535e-12 3.8787e-12 3.5217e-12 5.9513e-12 7.8676e-12 4.4379e-12 3.6492e-12 3.8327e-12 5.329e-12 3.9911e-12 2.1678e-12 3.2308e-12 3.8238e-12 3.8389e-12 1.9647e-12 2.0668e-12 1.9173e-12 2.2777e-12 3.3667e-12 4.1264e-12 3.1655e-12 2.308e-12 1.5975e-12 4.3953e-12 2.5794e-12 3.3263e-12 1.7481e-12 1.149e-12 1.0376e-12 1.5993e-12 8.0577e-13 1.3134e-12 2.1584e-12 1.4457e-12 1.4657e-12 1.7444e-12 2.1505e-12 1.4522e-12 2.4171e-12 2.4831e-12 2.718e-12
1.306e-11 1.1569e-11 1.1845e-11 9.0999e-12 6.1194e-12 7.4144e-12 8.1553e-12 4.9976e-12 4.1569e-12 1.0084e-11 9.271e-12 5.4965e-12 4.1498e-12 2.6529e-12 2.7205e-12 5.3395e-12 4.6716e-12 1.8344e-12 3.3668e-12 1.3608e-12 2.9825e-12 2.1564e-12 2.1474e-12 1.8733e-12 3.0312e-12 3.1322e-12 3.0232e-12 2.9121e-12 2.1315e-12 2.8614e-12 3.4883e-12 3.5134e-12 4.3658e-12 5.1377e-12 1.6681e-12 1.542e-12 8.479e-13 9.6718e-13 8.6117e-13 1.1472e-12 1.5828e-12 1.1037e-12 1.7567e-12 1.9226e-12 2.9322e-12 2.3641e-12 2.8121e-12 2.8614e-12
1.2469e-11 1.0992e-11 7.2234e-12 7.0919e-12 8.993e-12 8.98e-12 7.5719e-12 7.7518e-12 6.7573e-12 6.6479e-12 1.0165e-11 8.0164e-12 3.8869e-12 5.141e-12 2.514e-12 2.8491e-12 3.3528e-12 3.4709e-12 2.1263e-12 2.1546e-12 2.0922e-12 2.2709e-12 2.471e-12 2.4108e-12 2.2321e-12 2.1918e-12 3.5264e-12 3.2961e-12 3.5883e-12 3.9129e-12 3.4106e-12 3.6219e-12 3.1139e-12 3.3222e-12 1.7897e-12 1.6377e-12 6.7947e-13 7.6741e-13 1.0466e-12 1.1173e-12 1.6486e-12 1.6812e-12 1.6245e-12 1.6447e-12 2.9609e-12 2.6553e-12 2.6335e-12 2.8722e-12
1.2755e-11 1.3986e-11 9.1501e-12 7.8529e-12 7.6108e-12 4.7781e-12 6.5043e-12 9.2144e-12 3.8089e-12 3.4306e-12 5.0338e-12 7.5997e-12 3.9102e-12 3.0897e-12 3.2663e-12 3.9799e-12 4.0008e-12 2.0631e-12 2.3937e-12 3.714e-12 3.3886e-12 2.201e-12 2.3242e-12 1.8922e-12 2.4683e-12 3.4403e-12 3.7979e-12 3.2839e-12 2.4006e-12 1.6139e-12 5.5349e-12 2.6155e-12 3.1353e-12 1.7956e-12 1.2562e-12 1.0833e-12 1.5819e-12 7.9351e-13 1.099e-12 2.2638e-12 1.4174e-12 1.336e-12 1.7828e-12 2.0572e-12 1.5302e-12 2.0479e-12 2.5051e-12 3.0307e-12
2.6355e-11 1.7458e-11 1.5398e-11 1.8961e-11 8.2977e-12 7.9722e-12 5.5229e-12 8.54e-12 5.4661e-12 2.8712e-12 7.2889e-12 6.6094e-12 7.3414e-12 5.6958e-12 5.2389e-12 4.3936e-12 3.868e-12 4.5444e-12 2.7461e-12 3.5816e-12 2.8957e-12 1.4202e-12 2.3119e-12 2.3244e-12 2.1986e-12 2.8499e-12 3.402e-12 3.2828e-12 1.5778e-12 1.4055e-12 1.0414e-12 3.0346e-12 3.1793e-12 2.7278e-12 2.2784e-12 2.4602e-12 1.9276e-12 1.9119e-12 2.0943e-12 1.0882e-12 1.3837e-12 1.123e-12 1.5759e-12 1.4797e-12 2.0058e-12 2.0845e-12 2.5193e-12 2.3468e-12
3.4637e-11 3.7335e-11 1.9273e-11 1.3112e-11 1.0788e-11 9.2424e-12 9.9179e-12 7.896e-12 5.0221e-12 5.6427e-12 6.5616e-12 5.9386e-12 1.1874e-11 2.5225e-12 6.1348e-12 8.1604e-12 4.1934e-12 6.103e-12 3.4182e-12 2.3401e-12 2.8775e-12 3.321e-12 2.4691e-12 1.5656e-12 2.6721e-12 2.6239e-12 1.3949e-12 2.9377e-12 2.8507e-12 1.6715e-12 1.5587e-12 2.7893e-12 5.8028e-12 2.7278e-12 3.0167e-12 9.6515e-13 2.9837e-12 1.7933e-12 2.3562e-12 1.3885e-12 1.2707e-12 1.4854e-12 1.3875e-12 1.4899e-12 1.6618e-12 1.9557e-12 2.242e-12 2.0397e-12
2.7028e-11 1.9473e-11 1.5825e-11 1.9795e-11 8.0179e-12 8.4616e-12 5.5028e-12 8.2542e-12 5.8185e-12 3.3109e-12 8.3328e-12 7.1797e-12 7.3006e-12 5.4604e-12 4.8091e-12 4.0266e-12 3.6353e-12 4.5733e-12 2.9071e-12 3.8279e-12 2.7609e-12 1.2373e-12 2.099e-12 2.6319e-12 2.4743e-12 3.3832e-12 3.1275e-12 3.5928e-12 1.5387e-12 1.3901e-12 1.0909e-12 3.2474e-12 3.4737e-12 3.4143e-12 2.2085e-12 2.6983e-12 1.9051e-12 1.9736e-12 1.7833e-12 9.6988e-13 1.2624e-12 1.3296e-12 1.5833e-12 1.8659e-12 1.8171e-12 2.0031e-12 2.338e-12 2.45e-12
1.2951e-11 1.3069e-11 1.1548e-11 8.2721e-12 6.1207e-12 4.9628e-12 8.0676e-12 1.0832e-11 4.1168e-12 4.1683e-12 5.8411e-12 7.869e-12 4.1647e-12 2.8474e-12 3.2951e-12 4.7063e-12 3.0404e-12 2.3565e-12 2.5968e-12 4.2079e-12 2.9572e-12 2.1668e-12 2.4039e-12 1.7427e-12 2.5641e-12 3.4032e-12 4.3628e-12 3.7064e-12 2.3722e-12 1.7643e-12 5.396e-12 2.5397e-12 3.0518e-12 1.9378e-12 1.1426e-12 1.2104e-12 1.5112e-12 8.334e-13 1.2885e-12 2.5189e-12 1.4623e-12 1.2973e-12 1.6864e-12 2.3813e-12 1.5468e-12 2.3225e-12 2.7237e-12 2.6338e-12
8.4541e-12 8.6729e-12 1.0805e-11 1.0633e-11 8.7495e-12 8.1125e-12 5.3827e-12 5.6832e-12 3.9095e-12 4.295e-12 3.9198e-12 3.5955e-12 4.8446e-12 4.5565e-12 2.6702e-12 2.2274e-12 2.6426e-12 2.8876e-12 3.088e-12 2.8715e-12 2.9979e-12 3.0849e-12 2.9785e-12 2.5964e-12 4.0586e-12 3.9002e-12 3.8598e-12 3.3592e-12 2.5269e-12 2.7315e-12 1.5353e-12 2.0059e-12 2.0779e-12 2.4633e-12 1.0234e-12 1.0794e-12 1.0571e-12 1.1805e-12 1.3325e-12 1.4165e-12 1.8094e-12 1.5042e-12 1.4185e-12 1.3585e-12 2.3112e-12 2.4143e-12 2.8564e-12 2.3364e-12
1.3388e-11 1.3086e-11 1.0748e-11 6.8738e-12 7.3328e-12 5.3229e-12 6.6717e-12 1.0346e-11 5.2783e-12 4.6023e-12 3.985e-12 3.439e-12 6.5355e-12 2.0501e-12 2.925e-12 2.5674e-12 3.265e-12 2.9066e-12 3.2493e-12 4.2505e-12 3.219e-12 2.5358e-12 3.0034e-12 2.4857e-12 4.8447e-12 3.8394e-12 3.6176e-12 1.7124e-12 1.5997e-12 2.39e-12 5.2063e-12 1.6516e-12 1.7445e-12 2.4678e-12 1.3522e-12 1.3535e-12 1.2524e-12 1.0758e-12 1.1502e-12 2.9611e-12 1.0812e-12 2.0837e-12 1.5945e-12 1.2505e-12 3.2899e-12 1.9159e-12 1.8511e-12 2.1488e-12
3.1599e-11 3.8877e-11 2.3634e-11 1.4116e-11 9.8912e-12 1.0001e-11 8.4989e-12 7.5645e-12 4.8959e-12 5.9584e-12 6.897e-12 7.2481e-12 1.0623e-11 2.9993e-12 6.4502e-12 6.8895e-12 3.7709e-12 5.8062e-12 3.391e-12 2.2029e-12 2.7825e-12 3.3626e-12 2.4493e-12 1.7427e-12 2.4486e-12 2.5702e-12 1.4582e-12 3.2214e-12 2.705e-12 1.8734e-12 1.4335e-12 2.9221e-12 5.1225e-12 2.5055e-12 3.4542e-12 8.8023e-13 2.88e-12 2.0706e-12 2.5644e-12 1.5762e-12 1.2235e-12 1.5408e-12 1.2504e-12 1.6436e-12 1.8265e-12 2.1136e-12 2.1768e-12 1.9904e-12
3.8707e-11 3.3195e-11 5.1695e-11 2.8673e-11 2.6005e-11 2.9055e-11 7.4116e-12 6.6088e-12 4.5837e-12 5.4935e-12 5.827e-12 7.5214e-12 6.8769e-12 3.477e-12 1.0999e-11 1.0947e-11 1.1125e-11 1.2549e-11 7.0364e-12 5.4445e-12 1.3937e-12 1.3612e-12 2.9621e-12 3.1586e-12 2.4847e-12 2.3886e-12 2.4133e-12 1.9793e-12 2.3323e-12 1.4175e-12 1.8526e-12 8.2665e-13 2.9895e-12 2.8553e-12 5.3837e-12 4.4844e-12 5.2626e-12 5.1486e-12 2.7466e-12 2.5773e-12 1.4363e-12 1.2403e-12 1.2856e-12 1.8731e-12 1.9017e-12 2.0487e-12 2.2215e-12 2.035e-12
3.205e-11 3.4085e-11 2.2755e-11 1.3276e-11 1.0546e-11 1.0228e-11 1.0027e-11 6.7272e-12 4.5018e-12 5.6497e-12 6.7542e-12 6.6315e-12 9.6025e-12 2.8797e-12 6.8706e-12 7.8042e-12 3.6145e-12 6.2897e-12 3.0037e-12 2.1724e-12 2.5599e-12 3.4366e-12 2.4538e-12 1.6038e-12 2.621e-12 2.874e-12 1.4715e-12 2.6026e-12 2.7302e-12 1.7458e-12 1.4238e-12 2.5399e-12 5.9715e-12 2.6162e-12 3.2925e-12 9.1174e-13 2.8729e-12 1.8981e-12 2.282e-12 1.5488e-12 1.2575e-12 1.4339e-12 1.2617e-12 1.6183e-12 1.5381e-12 1.898e-12 2.4073e-12 2.3704e-12
1.1842e-11 1.3073e-11 1.263e-11 7.2968e-12 6.6483e-12 5.1275e-12 7.4538e-12 1.0817e-11 4.5788e-12 4.2363e-12 4.2965e-12 3.7133e-12 6.7486e-12 1.9869e-12 2.9519e-12 2.8623e-12 2.808e-12 2.7092e-12 2.8025e-12 4.5105e-12 3.1927e-12 2.4186e-12 3.4129e-12 2.639e-12 5.0735e-12 4.0195e-12 3.5183e-12 1.6173e-12 1.4865e-12 2.614e-12 5.2293e-12 1.5635e-12 1.9084e-12 2.6282e-12 1.3534e-12 1.2362e-12 1.1568e-12 1.1211e-12 1.2307e-12 2.9567e-12 9.4589e-13 1.8626e-12 1.3754e-12 1.3397e-12 2.8018e-12 2.1334e-12 1.932e-12 2.2964e-12
1.0526e-11 1.0956e-11 8.8088e-12 6.8811e-12 8.5706e-12 6.6309e-12 5.0023e-12 4.1946e-12 3.6063e-12 3.1997e-12 3.587e-12 3.1454e-12 3.6267e-12 4.0151e-12 3.3683e-12 3.2791e-12 3.1995e-12 3.4862e-12 3.595e-12 3.3434e-12 4.7811e-12 4.9548e-12 3.071e-12 3.3248e-12 2.1603e-12 2.1199e-12 3.58e-12 3.4529e-12 2.7124e-12 3.0772e-12 1.9118e-12 1.8792e-12 1.0928e-12 1.2128e-12 1.0945e-12 1.2102e-12 9.2315e-13 8.8004e-13 1.6824e-12 1.4035e-12 1.3046e-12 1.3564e-12 2.3089e-12 2.3874e-12 2.3169e-12 2.1083e-12 2.6279e-12 2.102e-12
1.6324e-11 1.2106e-11 9.9406e-12 7.3839e-12 5.9287e-12 4.8253e-12 7.1187e-12 8.4989e-12 3.6123e-12 3.6342e-12 5.0146e-12 7.3796e-12 3.7478e-12 2.8888e-12 3.0834e-12 4.6866e-12 3.1677e-12 2.1365e-12 2.4988e-12 3.9855e-12 2.6711e-12 2.0932e-12 2.5029e-12 1.8363e-12 2.1996e-12 3.8223e-12 3.796e-12 3.4582e-12 2.164e-12 1.7484e-12 4.1542e-12 2.6316e-12 3.1929e-12 1.9016e-12 1.2308e-12 1.1643e-12 1.5884e-12 7.679e-13 1.2547e-12 2.6225e-12 1.4043e-12 1.336e-12 1.9083e-12 2.1426e-12 1.5966e-12 2.4673e-12 2.9024e-12 2.6012e-12
2.3487e-11 2.0194e-11 1.441e-11 1.7211e-11 8.1471e-12 8.0011e-12 5.514e-12 5.8922e-12 5.8406e-12 2.6196e-12 8.5123e-12 7.0382e-12 7.9359e-12 4.6432e-12 4.8375e-12 4.3065e-12 3.859e-12 5.047e-12 2.9394e-12 3.5176e-12 3.1846e-12 1.2657e-12 2.3212e-12 2.4682e-12 2.354e-12 3.6616e-12 3.1516e-12 3.152e-12 1.4882e-12 1.3656e-12 1.1393e-12 3.1187e-12 3.6425e-12 3.1385e-12 2.2658e-12 2.5697e-12 2.0385e-12 1.9393e-12 1.7859e-12 1.0132e-12 1.2999e-12 1.3943e-12 1.4787e-12 1.6251e-12 1.8814e-12 2.0304e-12 2.9642e-12 2.1948e-12
3.5828e-11 3.9692e-11 1.8725e-11 1.0885e-11 9.4886e-12 9.6414e-12 8.6604e-12 7.3248e-12 4.8289e-12 5.56e-12 6.1049e-12 6.3975e-12 1.0242e-11 2.685e-12 6.0165e-12 7.3017e-12 3.8554e-12 6.5273e-12 3.3192e-12 2.0786e-12 2.6102e-12 4.0091e-12 2.6076e-12 1.5921e-12 2.8584e-12 2.591e-12 1.6369e-12 3.0345e-12 2.6538e-12 1.733e-12 1.4221e-12 2.9421e-12 5.0609e-12 2.3669e-12 2.9023e-12 9.552e-13 2.9057e-12 2.0289e-12 2.2243e-12 1.3226e-12 1.3891e-12 1.425e-12 1.3422e-12 1.6075e-12 1.5427e-12 1.9844e-12 2.3127e-12 2.1062e-12
2.6033e-11 1.8912e-11 1.7613e-11 1.8139e-11 8.783e-12 9.1536e-12 5.9617e-12 5.7924e-12 5.6548e-12 2.6317e-12 9.0361e-12 6.4273e-12 8.2364e-12 5.4947e-12 5.045e-12 4.998e-12 4.2127e-12 5.7575e-12 2.7811e-12 3.4947e-12 2.6678e-12 1.459e-12 2.4575e-12 2.2882e-12 2.3295e-12 2.7574e-12 3.6262e-12 3.5014e-12 1.6715e-12 1.4601e-12 1.1677e-12 2.9476e-12 2.876e-12 2.9881e-12 2.1433e-12 2.6101e-12 1.9775e-12 2.0146e-12 1.8163e-12 1.0243e-12 1.2784e-12 1.1857e-12 1.6767e-12 1.6226e-12 1.9515e-12 2.0747e-12 2.5605e-12 2.7014e-12
1.3143e-11 1.1387e-11 1.2637e-11 9.7573e-12 6.9307e-12 5.1484e-12 7.397e-12 9.3766e-12 4.4156e-12 3.799e-12 4.8935e-12 8.0578e-12 4.2227e-12 3.4617e-12 3.3354e-12 4.0082e-12 3.3366e-12 1.8714e-12 2.6701e-12 4.0002e-12 2.8943e-12 1.9597e-12 2.1867e-12 1.8694e-12 2.1226e-12 3.6432e-12 4.4309e-12 4.0917e-12 2.3264e-12 1.5719e-12 4.5548e-12 2.5924e-12 3.2429e-12 1.7332e-12 1.2515e-12 1.1204e-12 1.6538e-12 7.6885e-13 1.1456e-12 2.1765e-12 1.4094e-12 1.2474e-12 1.7228e-12 2.1977e-12 1.5156e-12 2.3447e-12 2.5643e-12 2.3731e-12
9.2405e-12 8.3281e-12 8.5307e-12 9.2253e-12 7.459e-12 8.4835e-12 5.4959e-12 5.5164e-12 3.9097e-12 4.2651e-12 3.6527e-12 3.5667e-12 4.4838e-12 4.2156e-12 2.9392e-12 2.6334e-12 2.335e-12 2.4258e-12 3.036e-12 2.7723e-12 2.7971e-12 2.997e-12 2.7226e-12 2.521e-12 3.2754e-12 3.0293e-12 3.3808e-12 3.6453e-12 2.5581e-12 3.0493e-12 1.6762e-12 1.6805e-12 1.9329e-12 2.5192e-12 1.1317e-12 1.124e-12 1.0986e-12 1.2087e-12 1.2853e-12 1.4646e-12 1.7e-12 1.7431e-12 1.332e-12 1.2693e-12 2.6187e-12 2.3589e-12 2.4402e-12 2.601e-12
1.4286e-11 9.8782e-12 1.1352e-11 9.8389e-12 5.0791e-12 8.5397e-12 7.4387e-12 4.8345e-12 3.7828e-12 1.0464e-11 9.6447e-12 4.7553e-12 5.6313e-12 2.9093e-12 2.9473e-12 4.7652e-12 4.7438e-12 1.9929e-12 3.1495e-12 1.3539e-12 2.876e-12 2.432e-12 1.9373e-12 1.7613e-12 3.2342e-12 2.9447e-12 2.8974e-12 3.4191e-12 1.9821e-12 3.1589e-12 3.4525e-12 3.5359e-12 4.2764e-12 4.6592e-12 1.6702e-12 1.6619e-12 9.2562e-13 9.2777e-13 8.4408e-13 1.2971e-12 1.6239e-12 1.213e-12 1.7311e-12 2.0526e-12 2.8204e-12 2.4439e-12 2.9185e-12 2.6864e-12
1.2262e-11 1.2242e-11 1.1575e-11 9.1617e-12 7.0473e-12 5.0696e-12 6.9327e-12 8.8963e-12 3.6291e-12 3.6942e-12 5.7164e-12 7.5191e-12 3.6163e-12 3.343e-12 3.7548e-12 5.5735e-12 3.409e-12 2.0007e-12 2.8496e-12 3.6983e-12 3.1471e-12 2.2831e-12 2.3532e-12 1.8229e-12 2.153e-12 3.6579e-12 4.591e-12 3.9582e-12 2.4853e-12 1.5216e-12 4.7914e-12 2.4535e-12 3.073e-12 1.8848e-12 1.172e-12 1.0542e-12 1.3934e-12 7.6618e-13 1.2337e-12 2.4054e-12 1.5229e-12 1.1907e-12 1.7476e-12 2.0751e-12 1.6224e-12 2.3714e-12 2.6969e-12 2.8858e-12
1.2012e-11 1.4675e-11 1.1502e-11 8.2413e-12 7.4729e-12 5.7352e-12 6.3433e-12 1.1166e-11 4.5681e-12 3.8617e-12 4.4711e-12 2.8581e-12 5.684e-12 2.381e-12 3.3712e-12 2.9001e-12 2.8264e-12 3.0226e-12 2.8711e-12 3.5616e-12 2.9435e-12 2.5049e-12 3.0393e-12 2.585e-12 6.455e-12 3.5531e-12 3.9457e-12 1.603e-12 1.573e-12 2.4014e-12 5.5827e-12 1.8701e-12 1.9299e-12 2.5255e-12 1.3201e-12 1.5449e-12 9.8312e-13 1.1122e-12 1.2015e-12 2.6602e-12 1.0645e-12 1.5797e-12 1.6715e-12 1.2074e-12 2.8461e-12 1.9387e-12 2.0767e-12 2.6067e-12
1.5263e-11 1.1947e-11 8.9989e-12 9.6517e-12 6.8605e-12 4.9499e-12 6.4835e-12 9.5331e-12 4.6379e-12 3.6023e-12 4.6462e-12 7.3566e-12 4.2924e-12 2.9625e-12 2.9149e-12 3.8194e-12 3.6828e-12 1.9835e-12 2.7845e-12 3.8011e-12 3.0103e-12 2.1513e-12 2.313e-12 1.8109e-12 2.3378e-12 3.4467e-12 3.9107e-12 3.2524e-12 2.0791e-12 1.6208e-12 4.7549e-12 2.3943e-12 3.1507e-12 1.89e-12 1.2012e-12 1.0932e-12 1.4726e-12 8.1643e-13 1.1643e-12 2.3866e-12 1.5237e-12 1.3602e-12 1.5769e-12 2.1107e-12 1.6e-12 2.0362e-12 2.4413e-12 2.5999e-12
1.2601e-11 9.0585e-12 1.1765e-11 8.2526e-12 6.2779e-12 7.1745e-12 8.9832e-12 4.3785e-12 4.1504e-12 1.2014e-11 9.7384e-12 4.5794e-12 4.3818e-12 3.3292e-12 2.5834e-12 4.4233e-12 3.768e-12 1.7328e-12 3.2208e-12 1.3356e-12 3.2787e-12 2.007e-12 1.9321e-12 1.4457e-12 3.2102e-12 2.6709e-12 2.9715e-12 3.0761e-12 2.1447e-12 3.3795e-12 3.0935e-12 3.2593e-12 4.908e-12 4.7645e-12 1.3793e-12 1.5656e-12 9.015e-13 7.5732e-13 7.5607e-13 1.281e-12 1.4614e-12 1.3551e-12 1.5267e-12 1.9969e-12 2.6551e-12 2.4256e-12 2.8489e-12 2.9179e-12
1.2162e-11 1.1101e-11 8.5452e-12 8.983e-12 8.3446e-12 7.901e-12 9.0581e-12 7.8225e-12 6.2491e-12 6.5241e-12 8.0751e-12 7.6104e-12 3.9898e-12 4.6819e-12 2.9639e-12 3.0646e-12 3.7381e-12 3.2119e-12 2.2714e-12 2.2864e-12 2.1679e-12 2.1895e-12 2.265e-12 2.282e-12 1.9439e-12 2.2834e-12 3.4181e-12 3.2742e-12 3.5614e-12 3.6517e-12 3.2332e-12 3.5877e-12 3.3374e-12 3.1602e-12 2.0136e-12 1.7217e-12 7.1132e-13 7.2522e-13 9.9648e-13 1.1709e-12 1.6594e-12 1.7192e-12 1.5394e-12 1.6182e-12 2.8065e-12 2.7345e-12 2.8339e-12 2.7021e-12
1.2339e-11 1.2493e-11 7.2216e-12 7.2647e-12 8.7915e-12 7.4876e-12 8.263e-12 7.9131e-12 6.2562e-12 6.9031e-12 8.077e-12 9.3535e-12 4.0429e-12 3.6496e-12 3.237e-12 2.8485e-12 3.3134e-12 3.6027e-12 2.1779e-12 2.1473e-12 2.4516e-12 2.2298e-12 2.5179e-12 2.2999e-12 1.9452e-12 1.9281e-12 3.038e-12 3.3753e-12 3.825e-12 4.0787e-12 3.7035e-12 3.157e-12 3.0636e-12 3.2613e-12 1.8466e-12 1.7089e-12 7.2002e-13 6.9135e-13 1.0355e-12 1.1373e-12 1.714e-12 1.5927e-12 1.7164e-12 1.5091e-12 2.8918e-12 2.7112e-12 2.6385e-12 2.6582e-12
7.843e-12 9.4137e-12 9.9511e-12 1.1221e-11 8.171e-12 7.881e-12 5.5253e-12 4.9507e-12 3.7572e-12 5.2105e-12 3.6801e-12 4.9773e-12 4.4831e-12 4.572e-12 2.4294e-12 2.7657e-12 2.5025e-12 2.1837e-12 2.8582e-12 3.0253e-12 2.8819e-12 3.1221e-12 2.8234e-12 2.3932e-12 3.14e-12 3.2384e-12 3.008e-12 3.709e-12 2.7157e-12 2.7578e-12 1.6613e-12 1.611e-12 2.1874e-12 2.0894e-12 1.115e-12 1.1351e-12 1.1921e-12 1.2252e-12 1.2906e-12 1.2502e-12 1.7371e-12 1.6179e-12 1.2475e-12 1.4896e-12 2.433e-12 1.9408e-12 2.5692e-12 2.4587e-12
9.7085e-12 1.1826e-11 8.3877e-12 7.565e-12 7.6508e-12 8.1269e-12 5.1776e-12 5.1547e-12 3.4984e-12 3.2992e-12 3.5239e-12 4.132e-12 3.29e-12 4.1993e-12 3.3408e-12 2.774e-12 3.7957e-12 3.0892e-12 3.3112e-12 3.1686e-12 5.0535e-12 5.216e-12 2.6016e-12 3.3304e-12 1.9535e-12 2.1183e-12 3.7741e-12 4.0393e-12 2.8543e-12 2.6765e-12 1.7201e-12 1.8999e-12 1.5374e-12 1.1856e-12 1.0313e-12 1.2152e-12 1.0109e-12 1.1085e-12 1.499e-12 1.603e-12 1.6601e-12 1.5894e-12 2.2542e-12 2.3503e-12 2.1117e-12 1.9753e-12 2.6891e-12 2.7823e-12
8.8667e-12 9.3694e-12 1.1226e-11 9.8551e-12 8.6013e-12 7.6659e-12 4.7364e-12 5.7105e-12 3.6566e-12 4.6358e-12 4.0693e-12 4.0144e-12 4.5373e-12 3.948e-12 2.5886e-12 2.9988e-12 2.0576e-12 2.1899e-12 3.2114e-12 2.8754e-12 2.9461e-12 3.1892e-12 2.748e-12 2.4765e-12 3.5914e-12 3.2857e-12 3.7983e-12 3.4306e-12 2.7211e-12 3.3272e-12 1.8441e-12 1.7341e-12 2.2727e-12 2.1535e-12 1.2308e-12 1.1197e-12 1.1268e-12 1.2896e-12 1.2103e-12 1.2975e-12 1.4964e-12 1.6962e-12 1.211e-12 1.3446e-12 2.1637e-12 2.5102e-12 2.5332e-12 2.4638e-12
1.1998e-11 1.1665e-11 8.4601e-12 7.7624e-12 7.8207e-12 8.8359e-12 9.0473e-12 7.4462e-12 6.3046e-12 5.3769e-12 7.4732e-12 8.2622e-12 4.0447e-12 4.3597e-12 3.5704e-12 2.9025e-12 3.2128e-12 3.9189e-12 2.2869e-12 2.0892e-12 2.2577e-12 2.2474e-12 2.3068e-12 2.0493e-12 2.0398e-12 1.9027e-12 3.4088e-12 3.1609e-12 3.27e-12 3.3879e-12 3.7359e-12 3.4035e-12 3.3972e-12 3.64e-12 1.8254e-12 1.5113e-12 7.0538e-13 6.4413e-13 1.031e-12 1.0827e-12 1.7503e-12 1.6415e-12 1.646e-12 1.3665e-12 2.6461e-12 3.1019e-12 2.4539e-12 3.2152e-12
1.0299e-11 9.9975e-12 9.4646e-12 9.2609e-12 1.004e-11 1.0447e-11 9.9326e-12 1.0078e-11 1.0501e-11 8.3142e-12 9.7516e-12 8.4597e-12 3.7621e-12 3.4616e-12 3.7087e-12 3.2821e-12 4.961e-12 5.2718e-12 5.0587e-12 6.033e-12 6.5999e-12 6.5462e-12 5.4439e-12 4.9771e-12 1.6166e-12 1.718e-12 1.8579e-12 1.8263e-12 4.0615e-12 3.3305e-12 3.957e-12 3.4889e-12 2.7942e-12 2.3525e-12 2.402e-12 2.5784e-12 7.7111e-13 8.5589e-13 7.001e-13 7.7563e-13 1.6532e-12 1.628e-12 1.8365e-12 1.9387e-12 2.7796e-12 3.2028e-12 2.6177e-12 2.8142e-12
