1	1	0	0	0
2	1	0.78161	0.78161	0
3	1	0.78161	0	0.78161
4	1	0	0.78161	0.78161
5	1	1.5632	0	0
6	1	2.3448	0.78161	0
7	1	2.3448	0	0.78161
8	1	1.5632	0.78161	0.78161
9	1	3.1265	0	0
10	1	3.9081	0.78161	0
11	1	3.9081	0	0.78161
12	1	3.1265	0.78161	0.78161
13	1	4.6897	0	0
14	1	5.4713	0.78161	0
15	1	5.4713	0	0.78161
16	1	4.6897	0.78161	0.78161
17	1	6.2529	0	0
18	1	7.0345	0.78161	0
19	1	7.0345	0	0.78161
20	1	6.2529	0.78161	0.78161
21	1	7.8161	0	0
22	1	8.5977	0.78161	0
23	1	8.5977	0	0.78161
24	1	7.8161	0.78161	0.78161
25	1	9.3794	0	0
26	1	10.161	0.78161	0
27	1	10.161	0	0.78161
28	1	9.3794	0.78161	0.78161
29	1	10.943	0	0
30	1	11.724	0.78161	0
31	1	11.724	0	0.78161
32	1	10.943	0.78161	0.78161
33	1	0	0	1.5632
34	1	0.78161	0.78161	1.5632
35	1	0.78161	0	2.3448
36	1	0	0.78161	2.3448
37	1	1.5632	0	1.5632
38	1	2.3448	0.78161	1.5632
39	1	2.3448	0	2.3448
40	1	1.5632	0.78161	2.3448
41	1	3.1265	0	1.5632
42	1	3.9081	0.78161	1.5632
43	1	3.9081	0	2.3448
44	1	3.1265	0.78161	2.3448
45	1	4.6897	0	1.5632
46	1	5.4713	0.78161	1.5632
47	1	5.4713	0	2.3448
48	1	4.6897	0.78161	2.3448
49	1	6.2529	0	1.5632
50	1	7.0345	0.78161	1.5632
51	1	7.0345	0	2.3448
52	1	6.2529	0.78161	2.3448
53	1	7.8161	0	1.5632
54	1	8.5977	0.78161	1.5632
55	1	8.5977	0	2.3448
56	1	7.8161	0.78161	2.3448
57	1	9.3794	0	1.5632
58	1	10.161	0.78161	1.5632
59	1	10.161	0	2.3448
60	1	9.3794	0.78161	2.3448
61	1	10.943	0	1.5632
62	1	11.724	0.78161	1.5632
63	1	11.724	0	2.3448
64	1	10.943	0.78161	2.3448
65	1	0	0	3.1265
66	1	0.78161	0.78161	3.1265
67	1	0.78161	0	3.9081
68	1	0	0.78161	3.9081
69	1	1.5632	0	3.1265
70	1	2.3448	0.78161	3.1265
71	1	2.3448	0	3.9081
72	1	1.5632	0.78161	3.9081
73	1	3.1265	0	3.1265
74	1	3.9081	0.78161	3.1265
75	1	3.9081	0	3.9081
76	1	3.1265	0.78161	3.9081
77	1	4.6897	0	3.1265
78	1	5.4713	0.78161	3.1265
79	1	5.4713	0	3.9081
80	1	4.6897	0.78161	3.9081
81	1	6.2529	0	3.1265
82	1	7.0345	0.78161	3.1265
83	1	7.0345	0	3.9081
84	1	6.2529	0.78161	3.9081
85	1	7.8161	0	3.1265
86	1	8.5977	0.78161	3.1265
87	1	8.5977	0	3.9081
88	1	7.8161	0.78161	3.9081
89	1	9.3794	0	3.1265
90	1	10.161	0.78161	3.1265
91	1	10.161	0	3.9081
92	1	9.3794	0.78161	3.9081
93	1	10.943	0	3.1265
94	1	11.724	0.78161	3.1265
95	1	11.724	0	3.9081
96	1	10.943	0.78161	3.9081
97	1	0	0	4.6897
98	1	0.78161	0.78161	4.6897
99	1	0.78161	0	5.4713
100	1	0	0.78161	5.4713
101	1	1.5632	0	4.6897
102	1	2.3448	0.78161	4.6897
103	1	2.3448	0	5.4713
104	1	1.5632	0.78161	5.4713
105	1	3.1265	0	4.6897
106	1	3.9081	0.78161	4.6897
107	1	3.9081	0	5.4713
108	1	3.1265	0.78161	5.4713
109	1	4.6897	0	4.6897
110	1	5.4713	0.78161	4.6897
111	1	5.4713	0	5.4713
112	1	4.6897	0.78161	5.4713
113	1	6.2529	0	4.6897
114	1	7.0345	0.78161	4.6897
115	1	7.0345	0	5.4713
116	1	6.2529	0.78161	5.4713
117	1	7.8161	0	4.6897
118	1	8.5977	0.78161	4.6897
119	1	8.5977	0	5.4713
120	1	7.8161	0.78161	5.4713
121	1	9.3794	0	4.6897
122	1	10.161	0.78161	4.6897
123	1	10.161	0	5.4713
124	1	9.3794	0.78161	5.4713
125	1	10.943	0	4.6897
126	1	11.724	0.78161	4.6897
127	1	11.724	0	5.4713
128	1	10.943	0.78161	5.4713
129	1	0	1.5632	0
130	1	0.78161	2.3448	0
131	1	0.78161	1.5632	0.78161
132	1	0	2.3448	0.78161
133	1	1.5632	1.5632	0
134	1	2.3448	2.3448	0
135	1	2.3448	1.5632	0.78161
136	1	1.5632	2.3448	0.78161
137	1	3.1265	1.5632	0
138	1	3.9081	2.3448	0
139	1	3.9081	1.5632	0.78161
140	1	3.1265	2.3448	0.78161
141	1	4.6897	1.5632	0
142	1	5.4713	2.3448	0
143	1	5.4713	1.5632	0.78161
144	1	4.6897	2.3448	0.78161
145	1	6.2529	1.5632	0
146	1	7.0345	2.3448	0
147	1	7.0345	1.5632	0.78161
148	1	6.2529	2.3448	0.78161
149	1	7.8161	1.5632	0
150	1	8.5977	2.3448	0
151	1	8.5977	1.5632	0.78161
152	1	7.8161	2.3448	0.78161
153	1	9.3794	1.5632	0
154	1	10.161	2.3448	0
155	1	10.161	1.5632	0.78161
156	1	9.3794	2.3448	0.78161
157	1	10.943	1.5632	0
158	1	11.724	2.3448	0
159	1	11.724	1.5632	0.78161
160	1	10.943	2.3448	0.78161
161	1	0	1.5632	1.5632
162	1	0.78161	2.3448	1.5632
163	1	0.78161	1.5632	2.3448
164	1	0	2.3448	2.3448
165	1	1.5632	1.5632	1.5632
166	1	2.3448	2.3448	1.5632
167	1	2.3448	1.5632	2.3448
168	1	1.5632	2.3448	2.3448
169	1	3.1265	1.5632	1.5632
170	1	3.9081	2.3448	1.5632
171	1	3.9081	1.5632	2.3448
172	1	3.1265	2.3448	2.3448
173	1	4.6897	1.5632	1.5632
174	1	5.4713	2.3448	1.5632
175	1	5.4713	1.5632	2.3448
176	1	4.6897	2.3448	2.3448
177	1	6.2529	1.5632	1.5632
178	1	7.0345	2.3448	1.5632
179	1	7.0345	1.5632	2.3448
180	1	6.2529	2.3448	2.3448
181	1	7.8161	1.5632	1.5632
182	1	8.5977	2.3448	1.5632
183	1	8.5977	1.5632	2.3448
184	1	7.8161	2.3448	2.3448
185	1	9.3794	1.5632	1.5632
186	1	10.161	2.3448	1.5632
187	1	10.161	1.5632	2.3448
188	1	9.3794	2.3448	2.3448
189	1	10.943	1.5632	1.5632
190	1	11.724	2.3448	1.5632
191	1	11.724	1.5632	2.3448
192	1	10.943	2.3448	2.3448
193	1	0	1.5632	3.1265
194	1	0.78161	2.3448	3.1265
195	1	0.78161	1.5632	3.9081
196	1	0	2.3448	3.9081
197	1	1.5632	1.5632	3.1265
198	1	2.3448	2.3448	3.1265
199	1	2.3448	1.5632	3.9081
200	1	1.5632	2.3448	3.9081
201	1	3.1265	1.5632	3.1265
202	1	3.9081	2.3448	3.1265
203	1	3.9081	1.5632	3.9081
204	1	3.1265	2.3448	3.9081
205	1	4.6897	1.5632	3.1265
206	1	5.4713	2.3448	3.1265
207	1	5.4713	1.5632	3.9081
208	1	4.6897	2.3448	3.9081
209	1	6.2529	1.5632	3.1265
210	1	7.0345	2.3448	3.1265
211	1	7.0345	1.5632	3.9081
212	1	6.2529	2.3448	3.9081
213	1	7.8161	1.5632	3.1265
214	1	8.5977	2.3448	3.1265
215	1	8.5977	1.5632	3.9081
216	1	7.8161	2.3448	3.9081
217	1	9.3794	1.5632	3.1265
218	1	10.161	2.3448	3.1265
219	1	10.161	1.5632	3.9081
220	1	9.3794	2.3448	3.9081
221	1	10.943	1.5632	3.1265
222	1	11.724	2.3448	3.1265
223	1	11.724	1.5632	3.9081
224	1	10.943	2.3448	3.9081
225	1	0	1.5632	4.6897
226	1	0.78161	2.3448	4.6897
227	1	0.78161	1.5632	5.4713
228	1	0	2.3448	5.4713
229	1	1.5632	1.5632	4.6897
230	1	2.3448	2.3448	4.6897
231	1	2.3448	1.5632	5.4713
232	1	1.5632	2.3448	5.4713
233	1	3.1265	1.5632	4.6897
234	1	3.9081	2.3448	4.6897
235	1	3.9081	1.5632	5.4713
236	1	3.1265	2.3448	5.4713
237	1	4.6897	1.5632	4.6897
238	1	5.4713	2.3448	4.6897
239	1	5.4713	1.5632	5.4713
240	1	4.6897	2.3448	5.4713
241	1	6.2529	1.5632	4.6897
242	1	7.0345	2.3448	4.6897
243	1	7.0345	1.5632	5.4713
244	1	6.2529	2.3448	5.4713
245	1	7.8161	1.5632	4.6897
246	1	8.5977	2.3448	4.6897
247	1	8.5977	1.5632	5.4713
248	1	7.8161	2.3448	5.4713
249	1	9.3794	1.5632	4.6897
250	1	10.161	2.3448	4.6897
251	1	10.161	1.5632	5.4713
252	1	9.3794	2.3448	5.4713
253	1	10.943	1.5632	4.6897
254	1	11.724	2.3448	4.6897
255	1	11.724	1.5632	5.4713
256	1	10.943	2.3448	5.4713
257	1	0	3.1265	0
258	1	0.78161	3.9081	0
259	1	0.78161	3.1265	0.78161
260	1	0	3.9081	0.78161
261	1	1.5632	3.1265	0
262	1	2.3448	3.9081	0
263	1	2.3448	3.1265	0.78161
264	1	1.5632	3.9081	0.78161
265	1	3.1265	3.1265	0
266	1	3.9081	3.9081	0
267	1	3.9081	3.1265	0.78161
268	1	3.1265	3.9081	0.78161
269	1	4.6897	3.1265	0
270	1	5.4713	3.9081	0
271	1	5.4713	3.1265	0.78161
272	1	4.6897	3.9081	0.78161
273	1	6.2529	3.1265	0
274	1	7.0345	3.9081	0
275	1	7.0345	3.1265	0.78161
276	1	6.2529	3.9081	0.78161
277	1	7.8161	3.1265	0
278	1	8.5977	3.9081	0
279	1	8.5977	3.1265	0.78161
280	1	7.8161	3.9081	0.78161
281	1	9.3794	3.1265	0
282	1	10.161	3.9081	0
283	1	10.161	3.1265	0.78161
284	1	9.3794	3.9081	0.78161
285	1	10.943	3.1265	0
286	1	11.724	3.9081	0
287	1	11.724	3.1265	0.78161
288	1	10.943	3.9081	0.78161
289	1	0	3.1265	1.5632
290	1	0.78161	3.9081	1.5632
291	1	0.78161	3.1265	2.3448
292	1	0	3.9081	2.3448
293	1	1.5632	3.1265	1.5632
294	1	2.3448	3.9081	1.5632
295	1	2.3448	3.1265	2.3448
296	1	1.5632	3.9081	2.3448
297	1	3.1265	3.1265	1.5632
298	1	3.9081	3.9081	1.5632
299	1	3.9081	3.1265	2.3448
300	1	3.1265	3.9081	2.3448
301	1	4.6897	3.1265	1.5632
302	1	5.4713	3.9081	1.5632
303	1	5.4713	3.1265	2.3448
304	1	4.6897	3.9081	2.3448
305	1	6.2529	3.1265	1.5632
306	1	7.0345	3.9081	1.5632
307	1	7.0345	3.1265	2.3448
308	1	6.2529	3.9081	2.3448
309	1	7.8161	3.1265	1.5632
310	1	8.5977	3.9081	1.5632
311	1	8.5977	3.1265	2.3448
312	1	7.8161	3.9081	2.3448
313	1	9.3794	3.1265	1.5632
314	1	10.161	3.9081	1.5632
315	1	10.161	3.1265	2.3448
316	1	9.3794	3.9081	2.3448
317	1	10.943	3.1265	1.5632
318	1	11.724	3.9081	1.5632
319	1	11.724	3.1265	2.3448
320	1	10.943	3.9081	2.3448
321	1	0	3.1265	3.1265
322	1	0.78161	3.9081	3.1265
323	1	0.78161	3.1265	3.9081
324	1	0	3.9081	3.9081
325	1	1.5632	3.1265	3.1265
326	1	2.3448	3.9081	3.1265
327	1	2.3448	3.1265	3.9081
328	1	1.5632	3.9081	3.9081
329	1	3.1265	3.1265	3.1265
330	1	3.9081	3.9081	3.1265
331	1	3.9081	3.1265	3.9081
332	1	3.1265	3.9081	3.9081
333	1	4.6897	3.1265	3.1265
334	1	5.4713	3.9081	3.1265
335	1	5.4713	3.1265	3.9081
336	1	4.6897	3.9081	3.9081
337	1	6.2529	3.1265	3.1265
338	1	7.0345	3.9081	3.1265
339	1	7.0345	3.1265	3.9081
340	1	6.2529	3.9081	3.9081
341	1	7.8161	3.1265	3.1265
342	1	8.5977	3.9081	3.1265
343	1	8.5977	3.1265	3.9081
344	1	7.8161	3.9081	3.9081
345	1	9.3794	3.1265	3.1265
346	1	10.161	3.9081	3.1265
347	1	10.161	3.1265	3.9081
348	1	9.3794	3.9081	3.9081
349	1	10.943	3.1265	3.1265
350	1	11.724	3.9081	3.1265
351	1	11.724	3.1265	3.9081
352	1	10.943	3.9081	3.9081
353	1	0	3.1265	4.6897
354	1	0.78161	3.9081	4.6897
355	1	0.78161	3.1265	5.4713
356	1	0	3.9081	5.4713
357	1	1.5632	3.1265	4.6897
358	1	2.3448	3.9081	4.6897
359	1	2.3448	3.1265	5.4713
360	1	1.5632	3.9081	5.4713
361	1	3.1265	3.1265	4.6897
362	1	3.9081	3.9081	4.6897
363	1	3.9081	3.1265	5.4713
364	1	3.1265	3.9081	5.4713
365	1	4.6897	3.1265	4.6897
366	1	5.4713	3.9081	4.6897
367	1	5.4713	3.1265	5.4713
368	1	4.6897	3.9081	5.4713
369	1	6.2529	3.1265	4.6897
370	1	7.0345	3.9081	4.6897
371	1	7.0345	3.1265	5.4713
372	1	6.2529	3.9081	5.4713
373	1	7.8161	3.1265	4.6897
374	1	8.5977	3.9081	4.6897
375	1	8.5977	3.1265	5.4713
376	1	7.8161	3.9081	5.4713
377	1	9.3794	3.1265	4.6897
378	1	10.161	3.9081	4.6897
379	1	10.161	3.1265	5.4713
380	1	9.3794	3.9081	5.4713
381	1	10.943	3.1265	4.6897
382	1	11.724	3.9081	4.6897
383	1	11.724	3.1265	5.4713
384	1	10.943	3.9081	5.4713
385	1	0	4.6897	0
386	1	0.78161	5.4713	0
387	1	0.78161	4.6897	0.78161
388	1	0	5.4713	0.78161
389	1	1.5632	4.6897	0
390	1	2.3448	5.4713	0
391	1	2.3448	4.6897	0.78161
392	1	1.5632	5.4713	0.78161
393	1	3.1265	4.6897	0
394	1	3.9081	5.4713	0
395	1	3.9081	4.6897	0.78161
396	1	3.1265	5.4713	0.78161
397	1	4.6897	4.6897	0
398	1	5.4713	5.4713	0
399	1	5.4713	4.6897	0.78161
400	1	4.6897	5.4713	0.78161
401	1	6.2529	4.6897	0
402	1	7.0345	5.4713	0
403	1	7.0345	4.6897	0.78161
404	1	6.2529	5.4713	0.78161
405	1	7.8161	4.6897	0
406	1	8.5977	5.4713	0
407	1	8.5977	4.6897	0.78161
408	1	7.8161	5.4713	0.78161
409	1	9.3794	4.6897	0
410	1	10.161	5.4713	0
411	1	10.161	4.6897	0.78161
412	1	9.3794	5.4713	0.78161
413	1	10.943	4.6897	0
414	1	11.724	5.4713	0
415	1	11.724	4.6897	0.78161
416	1	10.943	5.4713	0.78161
417	1	0	4.6897	1.5632
418	1	0.78161	5.4713	1.5632
419	1	0.78161	4.6897	2.3448
420	1	0	5.4713	2.3448
421	1	1.5632	4.6897	1.5632
422	1	2.3448	5.4713	1.5632
423	1	2.3448	4.6897	2.3448
424	1	1.5632	5.4713	2.3448
425	1	3.1265	4.6897	1.5632
426	1	3.9081	5.4713	1.5632
427	1	3.9081	4.6897	2.3448
428	1	3.1265	5.4713	2.3448
429	1	4.6897	4.6897	1.5632
430	1	5.4713	5.4713	1.5632
431	1	5.4713	4.6897	2.3448
432	1	4.6897	5.4713	2.3448
433	1	6.2529	4.6897	1.5632
434	1	7.0345	5.4713	1.5632
435	1	7.0345	4.6897	2.3448
436	1	6.2529	5.4713	2.3448
437	1	7.8161	4.6897	1.5632
438	1	8.5977	5.4713	1.5632
439	1	8.5977	4.6897	2.3448
440	1	7.8161	5.4713	2.3448
441	1	9.3794	4.6897	1.5632
442	1	10.161	5.4713	1.5632
443	1	10.161	4.6897	2.3448
444	1	9.3794	5.4713	2.3448
445	1	10.943	4.6897	1.5632
446	1	11.724	5.4713	1.5632
447	1	11.724	4.6897	2.3448
448	1	10.943	5.4713	2.3448
449	1	0	4.6897	3.1265
450	1	0.78161	5.4713	3.1265
451	1	0.78161	4.6897	3.9081
452	1	0	5.4713	3.9081
453	1	1.5632	4.6897	3.1265
454	1	2.3448	5.4713	3.1265
455	1	2.3448	4.6897	3.9081
456	1	1.5632	5.4713	3.9081
457	1	3.1265	4.6897	3.1265
458	1	3.9081	5.4713	3.1265
459	1	3.9081	4.6897	3.9081
460	1	3.1265	5.4713	3.9081
461	1	4.6897	4.6897	3.1265
462	1	5.4713	5.4713	3.1265
463	1	5.4713	4.6897	3.9081
464	1	4.6897	5.4713	3.9081
465	1	6.2529	4.6897	3.1265
466	1	7.0345	5.4713	3.1265
467	1	7.0345	4.6897	3.9081
468	1	6.2529	5.4713	3.9081
469	1	7.8161	4.6897	3.1265
470	1	8.5977	5.4713	3.1265
471	1	8.5977	4.6897	3.9081
472	1	7.8161	5.4713	3.9081
473	1	9.3794	4.6897	3.1265
474	1	10.161	5.4713	3.1265
475	1	10.161	4.6897	3.9081
476	1	9.3794	5.4713	3.9081
477	1	10.943	4.6897	3.1265
478	1	11.724	5.4713	3.1265
479	1	11.724	4.6897	3.9081
480	1	10.943	5.4713	3.9081
481	1	0	4.6897	4.6897
482	1	0.78161	5.4713	4.6897
483	1	0.78161	4.6897	5.4713
484	1	0	5.4713	5.4713
485	1	1.5632	4.6897	4.6897
486	1	2.3448	5.4713	4.6897
487	1	2.3448	4.6897	5.4713
488	1	1.5632	5.4713	5.4713
489	1	3.1265	4.6897	4.6897
490	1	3.9081	5.4713	4.6897
491	1	3.9081	4.6897	5.4713
492	1	3.1265	5.4713	5.4713
493	1	4.6897	4.6897	4.6897
494	1	5.4713	5.4713	4.6897
495	1	5.4713	4.6897	5.4713
496	1	4.6897	5.4713	5.4713
497	1	6.2529	4.6897	4.6897
498	1	7.0345	5.4713	4.6897
499	1	7.0345	4.6897	5.4713
500	1	6.2529	5.4713	5.4713
501	1	7.8161	4.6897	4.6897
502	1	8.5977	5.4713	4.6897
503	1	8.5977	4.6897	5.4713
504	1	7.8161	5.4713	5.4713
505	1	9.3794	4.6897	4.6897
506	1	10.161	5.4713	4.6897
507	1	10.161	4.6897	5.4713
508	1	9.3794	5.4713	5.4713
509	1	10.943	4.6897	4.6897
510	1	11.724	5.4713	4.6897
511	1	11.724	4.6897	5.4713
512	1	10.943	5.4713	5.4713
513	1	12.506	0	0
514	1	13.287	0.78161	0
515	1	13.287	0	0.78161
516	1	12.506	0.78161	0.78161
517	1	14.069	0	0
518	1	14.851	0.78161	0
519	1	14.851	0	0.78161
520	1	14.069	0.78161	0.78161
521	1	15.632	0	0
522	1	16.414	0.78161	0
523	1	16.414	0	0.78161
524	1	15.632	0.78161	0.78161
525	1	17.195	0	0
526	1	17.977	0.78161	0
527	1	17.977	0	0.78161
528	1	17.195	0.78161	0.78161
529	1	18.759	0	0
530	1	19.54	0.78161	0
531	1	19.54	0	0.78161
532	1	18.759	0.78161	0.78161
533	1	20.322	0	0
534	1	21.104	0.78161	0
535	1	21.104	0	0.78161
536	1	20.322	0.78161	0.78161
537	1	21.885	0	0
538	1	22.667	0.78161	0
539	1	22.667	0	0.78161
540	1	21.885	0.78161	0.78161
541	1	23.448	0	0
542	1	24.23	0.78161	0
543	1	24.23	0	0.78161
544	1	23.448	0.78161	0.78161
545	1	12.506	0	1.5632
546	1	13.287	0.78161	1.5632
547	1	13.287	0	2.3448
548	1	12.506	0.78161	2.3448
549	1	14.069	0	1.5632
550	1	14.851	0.78161	1.5632
551	1	14.851	0	2.3448
552	1	14.069	0.78161	2.3448
553	1	15.632	0	1.5632
554	1	16.414	0.78161	1.5632
555	1	16.414	0	2.3448
556	1	15.632	0.78161	2.3448
557	1	17.195	0	1.5632
558	1	17.977	0.78161	1.5632
559	1	17.977	0	2.3448
560	1	17.195	0.78161	2.3448
561	1	18.759	0	1.5632
562	1	19.54	0.78161	1.5632
563	1	19.54	0	2.3448
564	1	18.759	0.78161	2.3448
565	1	20.322	0	1.5632
566	1	21.104	0.78161	1.5632
567	1	21.104	0	2.3448
568	1	20.322	0.78161	2.3448
569	1	21.885	0	1.5632
570	1	22.667	0.78161	1.5632
571	1	22.667	0	2.3448
572	1	21.885	0.78161	2.3448
573	1	23.448	0	1.5632
574	1	24.23	0.78161	1.5632
575	1	24.23	0	2.3448
576	1	23.448	0.78161	2.3448
577	1	12.506	0	3.1265
578	1	13.287	0.78161	3.1265
579	1	13.287	0	3.9081
580	1	12.506	0.78161	3.9081
581	1	14.069	0	3.1265
582	1	14.851	0.78161	3.1265
583	1	14.851	0	3.9081
584	1	14.069	0.78161	3.9081
585	1	15.632	0	3.1265
586	1	16.414	0.78161	3.1265
587	1	16.414	0	3.9081
588	1	15.632	0.78161	3.9081
589	1	17.195	0	3.1265
590	1	17.977	0.78161	3.1265
591	1	17.977	0	3.9081
592	1	17.195	0.78161	3.9081
593	1	18.759	0	3.1265
594	1	19.54	0.78161	3.1265
595	1	19.54	0	3.9081
596	1	18.759	0.78161	3.9081
597	1	20.322	0	3.1265
598	1	21.104	0.78161	3.1265
599	1	21.104	0	3.9081
600	1	20.322	0.78161	3.9081
601	1	21.885	0	3.1265
602	1	22.667	0.78161	3.1265
603	1	22.667	0	3.9081
604	1	21.885	0.78161	3.9081
605	1	23.448	0	3.1265
606	1	24.23	0.78161	3.1265
607	1	24.23	0	3.9081
608	1	23.448	0.78161	3.9081
609	1	12.506	0	4.6897
610	1	13.287	0.78161	4.6897
611	1	13.287	0	5.4713
612	1	12.506	0.78161	5.4713
613	1	14.069	0	4.6897
614	1	14.851	0.78161	4.6897
615	1	14.851	0	5.4713
616	1	14.069	0.78161	5.4713
617	1	15.632	0	4.6897
618	1	16.414	0.78161	4.6897
619	1	16.414	0	5.4713
620	1	15.632	0.78161	5.4713
621	1	17.195	0	4.6897
622	1	17.977	0.78161	4.6897
623	1	17.977	0	5.4713
624	1	17.195	0.78161	5.4713
625	1	18.759	0	4.6897
626	1	19.54	0.78161	4.6897
627	1	19.54	0	5.4713
628	1	18.759	0.78161	5.4713
629	1	20.322	0	4.6897
630	1	21.104	0.78161	4.6897
631	1	21.104	0	5.4713
632	1	20.322	0.78161	5.4713
633	1	21.885	0	4.6897
634	1	22.667	0.78161	4.6897
635	1	22.667	0	5.4713
636	1	21.885	0.78161	5.4713
637	1	23.448	0	4.6897
638	1	24.23	0.78161	4.6897
639	1	24.23	0	5.4713
640	1	23.448	0.78161	5.4713
641	1	12.506	1.5632	0
642	1	13.287	2.3448	0
643	1	13.287	1.5632	0.78161
644	1	12.506	2.3448	0.78161
645	1	14.069	1.5632	0
646	1	14.851	2.3448	0
647	1	14.851	1.5632	0.78161
648	1	14.069	2.3448	0.78161
649	1	15.632	1.5632	0
650	1	16.414	2.3448	0
651	1	16.414	1.5632	0.78161
652	1	15.632	2.3448	0.78161
653	1	17.195	1.5632	0
654	1	17.977	2.3448	0
655	1	17.977	1.5632	0.78161
656	1	17.195	2.3448	0.78161
657	1	18.759	1.5632	0
658	1	19.54	2.3448	0
659	1	19.54	1.5632	0.78161
660	1	18.759	2.3448	0.78161
661	1	20.322	1.5632	0
662	1	21.104	2.3448	0
663	1	21.104	1.5632	0.78161
664	1	20.322	2.3448	0.78161
665	1	21.885	1.5632	0
666	1	22.667	2.3448	0
667	1	22.667	1.5632	0.78161
668	1	21.885	2.3448	0.78161
669	1	23.448	1.5632	0
670	1	24.23	2.3448	0
671	1	24.23	1.5632	0.78161
672	1	23.448	2.3448	0.78161
673	1	12.506	1.5632	1.5632
674	1	13.287	2.3448	1.5632
675	1	13.287	1.5632	2.3448
676	1	12.506	2.3448	2.3448
677	1	14.069	1.5632	1.5632
678	1	14.851	2.3448	1.5632
679	1	14.851	1.5632	2.3448
680	1	14.069	2.3448	2.3448
681	1	15.632	1.5632	1.5632
682	1	16.414	2.3448	1.5632
683	1	16.414	1.5632	2.3448
684	1	15.632	2.3448	2.3448
685	1	17.195	1.5632	1.5632
686	1	17.977	2.3448	1.5632
687	1	17.977	1.5632	2.3448
688	1	17.195	2.3448	2.3448
689	1	18.759	1.5632	1.5632
690	1	19.54	2.3448	1.5632
691	1	19.54	1.5632	2.3448
692	1	18.759	2.3448	2.3448
693	1	20.322	1.5632	1.5632
694	1	21.104	2.3448	1.5632
695	1	21.104	1.5632	2.3448
696	1	20.322	2.3448	2.3448
697	1	21.885	1.5632	1.5632
698	1	22.667	2.3448	1.5632
699	1	22.667	1.5632	2.3448
700	1	21.885	2.3448	2.3448
701	1	23.448	1.5632	1.5632
702	1	24.23	2.3448	1.5632
703	1	24.23	1.5632	2.3448
704	1	23.448	2.3448	2.3448
705	1	12.506	1.5632	3.1265
706	1	13.287	2.3448	3.1265
707	1	13.287	1.5632	3.9081
708	1	12.506	2.3448	3.9081
709	1	14.069	1.5632	3.1265
710	1	14.851	2.3448	3.1265
711	1	14.851	1.5632	3.9081
712	1	14.069	2.3448	3.9081
713	1	15.632	1.5632	3.1265
714	1	16.414	2.3448	3.1265
715	1	16.414	1.5632	3.9081
716	1	15.632	2.3448	3.9081
717	1	17.195	1.5632	3.1265
718	1	17.977	2.3448	3.1265
719	1	17.977	1.5632	3.9081
720	1	17.195	2.3448	3.9081
721	1	18.759	1.5632	3.1265
722	1	19.54	2.3448	3.1265
723	1	19.54	1.5632	3.9081
724	1	18.759	2.3448	3.9081
725	1	20.322	1.5632	3.1265
726	1	21.104	2.3448	3.1265
727	1	21.104	1.5632	3.9081
728	1	20.322	2.3448	3.9081
729	1	21.885	1.5632	3.1265
730	1	22.667	2.3448	3.1265
731	1	22.667	1.5632	3.9081
732	1	21.885	2.3448	3.9081
733	1	23.448	1.5632	3.1265
734	1	24.23	2.3448	3.1265
735	1	24.23	1.5632	3.9081
736	1	23.448	2.3448	3.9081
737	1	12.506	1.5632	4.6897
738	1	13.287	2.3448	4.6897
739	1	13.287	1.5632	5.4713
740	1	12.506	2.3448	5.4713
741	1	14.069	1.5632	4.6897
742	1	14.851	2.3448	4.6897
743	1	14.851	1.5632	5.4713
744	1	14.069	2.3448	5.4713
745	1	15.632	1.5632	4.6897
746	1	16.414	2.3448	4.6897
747	1	16.414	1.5632	5.4713
748	1	15.632	2.3448	5.4713
749	1	17.195	1.5632	4.6897
750	1	17.977	2.3448	4.6897
751	1	17.977	1.5632	5.4713
752	1	17.195	2.3448	5.4713
753	1	18.759	1.5632	4.6897
754	1	19.54	2.3448	4.6897
755	1	19.54	1.5632	5.4713
756	1	18.759	2.3448	5.4713
757	1	20.322	1.5632	4.6897
758	1	21.104	2.3448	4.6897
759	1	21.104	1.5632	5.4713
760	1	20.322	2.3448	5.4713
761	1	21.885	1.5632	4.6897
762	1	22.667	2.3448	4.6897
763	1	22.667	1.5632	5.4713
764	1	21.885	2.3448	5.4713
765	1	23.448	1.5632	4.6897
766	1	24.23	2.3448	4.6897
767	1	24.23	1.5632	5.4713
768	1	23.448	2.3448	5.4713
769	1	12.506	3.1265	0
770	1	13.287	3.9081	0
771	1	13.287	3.1265	0.78161
772	1	12.506	3.9081	0.78161
773	1	14.069	3.1265	0
774	1	14.851	3.9081	0
775	1	14.851	3.1265	0.78161
776	1	14.069	3.9081	0.78161
777	1	15.632	3.1265	0
778	1	16.414	3.9081	0
779	1	16.414	3.1265	0.78161
780	1	15.632	3.9081	0.78161
781	1	17.195	3.1265	0
782	1	17.977	3.9081	0
783	1	17.977	3.1265	0.78161
784	1	17.195	3.9081	0.78161
785	1	18.759	3.1265	0
786	1	19.54	3.9081	0
787	1	19.54	3.1265	0.78161
788	1	18.759	3.9081	0.78161
789	1	20.322	3.1265	0
790	1	21.104	3.9081	0
791	1	21.104	3.1265	0.78161
792	1	20.322	3.9081	0.78161
793	1	21.885	3.1265	0
794	1	22.667	3.9081	0
795	1	22.667	3.1265	0.78161
796	1	21.885	3.9081	0.78161
797	1	23.448	3.1265	0
798	1	24.23	3.9081	0
799	1	24.23	3.1265	0.78161
800	1	23.448	3.9081	0.78161
801	1	12.506	3.1265	1.5632
802	1	13.287	3.9081	1.5632
803	1	13.287	3.1265	2.3448
804	1	12.506	3.9081	2.3448
805	1	14.069	3.1265	1.5632
806	1	14.851	3.9081	1.5632
807	1	14.851	3.1265	2.3448
808	1	14.069	3.9081	2.3448
809	1	15.632	3.1265	1.5632
810	1	16.414	3.9081	1.5632
811	1	16.414	3.1265	2.3448
812	1	15.632	3.9081	2.3448
813	1	17.195	3.1265	1.5632
814	1	17.977	3.9081	1.5632
815	1	17.977	3.1265	2.3448
816	1	17.195	3.9081	2.3448
817	1	18.759	3.1265	1.5632
818	1	19.54	3.9081	1.5632
819	1	19.54	3.1265	2.3448
820	1	18.759	3.9081	2.3448
821	1	20.322	3.1265	1.5632
822	1	21.104	3.9081	1.5632
823	1	21.104	3.1265	2.3448
824	1	20.322	3.9081	2.3448
825	1	21.885	3.1265	1.5632
826	1	22.667	3.9081	1.5632
827	1	22.667	3.1265	2.3448
828	1	21.885	3.9081	2.3448
829	1	23.448	3.1265	1.5632
830	1	24.23	3.9081	1.5632
831	1	24.23	3.1265	2.3448
832	1	23.448	3.9081	2.3448
833	1	12.506	3.1265	3.1265
834	1	13.287	3.9081	3.1265
835	1	13.287	3.1265	3.9081
836	1	12.506	3.9081	3.9081
837	1	14.069	3.1265	3.1265
838	1	14.851	3.9081	3.1265
839	1	14.851	3.1265	3.9081
840	1	14.069	3.9081	3.9081
841	1	15.632	3.1265	3.1265
842	1	16.414	3.9081	3.1265
843	1	16.414	3.1265	3.9081
844	1	15.632	3.9081	3.9081
845	1	17.195	3.1265	3.1265
846	1	17.977	3.9081	3.1265
847	1	17.977	3.1265	3.9081
848	1	17.195	3.9081	3.9081
849	1	18.759	3.1265	3.1265
850	1	19.54	3.9081	3.1265
851	1	19.54	3.1265	3.9081
852	1	18.759	3.9081	3.9081
853	1	20.322	3.1265	3.1265
854	1	21.104	3.9081	3.1265
855	1	21.104	3.1265	3.9081
856	1	20.322	3.9081	3.9081
857	1	21.885	3.1265	3.1265
858	1	22.667	3.9081	3.1265
859	1	22.667	3.1265	3.9081
860	1	21.885	3.9081	3.9081
861	1	23.448	3.1265	3.1265
862	1	24.23	3.9081	3.1265
863	1	24.23	3.1265	3.9081
864	1	23.448	3.9081	3.9081
865	1	12.506	3.1265	4.6897
866	1	13.287	3.9081	4.6897
867	1	13.287	3.1265	5.4713
868	1	12.506	3.9081	5.4713
869	1	14.069	3.1265	4.6897
870	1	14.851	3.9081	4.6897
871	1	14.851	3.1265	5.4713
872	1	14.069	3.9081	5.4713
873	1	15.632	3.1265	4.6897
874	1	16.414	3.9081	4.6897
875	1	16.414	3.1265	5.4713
876	1	15.632	3.9081	5.4713
877	1	17.195	3.1265	4.6897
878	1	17.977	3.9081	4.6897
879	1	17.977	3.1265	5.4713
880	1	17.195	3.9081	5.4713
881	1	18.759	3.1265	4.6897
882	1	19.54	3.9081	4.6897
883	1	19.54	3.1265	5.4713
884	1	18.759	3.9081	5.4713
885	1	20.322	3.1265	4.6897
886	1	21.104	3.9081	4.6897
887	1	21.104	3.1265	5.4713
888	1	20.322	3.9081	5.4713
889	1	21.885	3.1265	4.6897
890	1	22.667	3.9081	4.6897
891	1	22.667	3.1265	5.4713
892	1	21.885	3.9081	5.4713
893	1	23.448	3.1265	4.6897
894	1	24.23	3.9081	4.6897
895	1	24.23	3.1265	5.4713
896	1	23.448	3.9081	5.4713
897	1	12.506	4.6897	0
898	1	13.287	5.4713	0
899	1	13.287	4.6897	0.78161
900	1	12.506	5.4713	0.78161
901	1	14.069	4.6897	0
902	1	14.851	5.4713	0
903	1	14.851	4.6897	0.78161
904	1	14.069	5.4713	0.78161
905	1	15.632	4.6897	0
906	1	16.414	5.4713	0
907	1	16.414	4.6897	0.78161
908	1	15.632	5.4713	0.78161
909	1	17.195	4.6897	0
910	1	17.977	5.4713	0
911	1	17.977	4.6897	0.78161
912	1	17.195	5.4713	0.78161
913	1	18.759	4.6897	0
914	1	19.54	5.4713	0
915	1	19.54	4.6897	0.78161
916	1	18.759	5.4713	0.78161
917	1	20.322	4.6897	0
918	1	21.104	5.4713	0
919	1	21.104	4.6897	0.78161
920	1	20.322	5.4713	0.78161
921	1	21.885	4.6897	0
922	1	22.667	5.4713	0
923	1	22.667	4.6897	0.78161
924	1	21.885	5.4713	0.78161
925	1	23.448	4.6897	0
926	1	24.23	5.4713	0
927	1	24.23	4.6897	0.78161
928	1	23.448	5.4713	0.78161
929	1	12.506	4.6897	1.5632
930	1	13.287	5.4713	1.5632
931	1	13.287	4.6897	2.3448
932	1	12.506	5.4713	2.3448
933	1	14.069	4.6897	1.5632
934	1	14.851	5.4713	1.5632
935	1	14.851	4.6897	2.3448
936	1	14.069	5.4713	2.3448
937	1	15.632	4.6897	1.5632
938	1	16.414	5.4713	1.5632
939	1	16.414	4.6897	2.3448
940	1	15.632	5.4713	2.3448
941	1	17.195	4.6897	1.5632
942	1	17.977	5.4713	1.5632
943	1	17.977	4.6897	2.3448
944	1	17.195	5.4713	2.3448
945	1	18.759	4.6897	1.5632
946	1	19.54	5.4713	1.5632
947	1	19.54	4.6897	2.3448
948	1	18.759	5.4713	2.3448
949	1	20.322	4.6897	1.5632
950	1	21.104	5.4713	1.5632
951	1	21.104	4.6897	2.3448
952	1	20.322	5.4713	2.3448
953	1	21.885	4.6897	1.5632
954	1	22.667	5.4713	1.5632
955	1	22.667	4.6897	2.3448
956	1	21.885	5.4713	2.3448
957	1	23.448	4.6897	1.5632
958	1	24.23	5.4713	1.5632
959	1	24.23	4.6897	2.3448
960	1	23.448	5.4713	2.3448
961	1	12.506	4.6897	3.1265
962	1	13.287	5.4713	3.1265
963	1	13.287	4.6897	3.9081
964	1	12.506	5.4713	3.9081
965	1	14.069	4.6897	3.1265
966	1	14.851	5.4713	3.1265
967	1	14.851	4.6897	3.9081
968	1	14.069	5.4713	3.9081
969	1	15.632	4.6897	3.1265
970	1	16.414	5.4713	3.1265
971	1	16.414	4.6897	3.9081
972	1	15.632	5.4713	3.9081
973	1	17.195	4.6897	3.1265
974	1	17.977	5.4713	3.1265
975	1	17.977	4.6897	3.9081
976	1	17.195	5.4713	3.9081
977	1	18.759	4.6897	3.1265
978	1	19.54	5.4713	3.1265
979	1	19.54	4.6897	3.9081
980	1	18.759	5.4713	3.9081
981	1	20.322	4.6897	3.1265
982	1	21.104	5.4713	3.1265
983	1	21.104	4.6897	3.9081
984	1	20.322	5.4713	3.9081
985	1	21.885	4.6897	3.1265
986	1	22.667	5.4713	3.1265
987	1	22.667	4.6897	3.9081
988	1	21.885	5.4713	3.9081
989	1	23.448	4.6897	3.1265
990	1	24.23	5.4713	3.1265
991	1	24.23	4.6897	3.9081
992	1	23.448	5.4713	3.9081
993	1	12.506	4.6897	4.6897
994	1	13.287	5.4713	4.6897
995	1	13.287	4.6897	5.4713
996	1	12.506	5.4713	5.4713
997	1	14.069	4.6897	4.6897
998	1	14.851	5.4713	4.6897
999	1	14.851	4.6897	5.4713
1000	1	14.069	5.4713	5.4713
1001	1	15.632	4.6897	4.6897
1002	1	16.414	5.4713	4.6897
1003	1	16.414	4.6897	5.4713
1004	1	15.632	5.4713	5.4713
1005	1	17.195	4.6897	4.6897
1006	1	17.977	5.4713	4.6897
1007	1	17.977	4.6897	5.4713
1008	1	17.195	5.4713	5.4713
1009	1	18.759	4.6897	4.6897
1010	1	19.54	5.4713	4.6897
1011	1	19.54	4.6897	5.4713
1012	1	18.759	5.4713	5.4713
1013	1	20.322	4.6897	4.6897
1014	1	21.104	5.4713	4.6897
1015	1	21.104	4.6897	5.4713
1016	1	20.322	5.4713	5.4713
1017	1	21.885	4.6897	4.6897
1018	1	22.667	5.4713	4.6897
1019	1	22.667	4.6897	5.4713
1020	1	21.885	5.4713	5.4713
1021	1	23.448	4.6897	4.6897
1022	1	24.23	5.4713	4.6897
1023	1	24.23	4.6897	5.4713
1024	1	23.448	5.4713	5.4713
1025	1	25.012	0	0
1026	1	25.793	0.78161	0
1027	1	25.793	0	0.78161
1028	1	25.012	0.78161	0.78161
1029	1	26.575	0	0
1030	1	27.356	0.78161	0
1031	1	27.356	0	0.78161
1032	1	26.575	0.78161	0.78161
1033	1	28.138	0	0
1034	1	28.92	0.78161	0
1035	1	28.92	0	0.78161
1036	1	28.138	0.78161	0.78161
1037	1	29.701	0	0
1038	1	30.483	0.78161	0
1039	1	30.483	0	0.78161
1040	1	29.701	0.78161	0.78161
1041	1	31.265	0	0
1042	1	32.046	0.78161	0
1043	1	32.046	0	0.78161
1044	1	31.265	0.78161	0.78161
1045	1	32.828	0	0
1046	1	33.609	0.78161	0
1047	1	33.609	0	0.78161
1048	1	32.828	0.78161	0.78161
1049	1	34.391	0	0
1050	1	35.173	0.78161	0
1051	1	35.173	0	0.78161
1052	1	34.391	0.78161	0.78161
1053	1	35.954	0	0
1054	1	36.736	0.78161	0
1055	1	36.736	0	0.78161
1056	1	35.954	0.78161	0.78161
1057	1	25.012	0	1.5632
1058	1	25.793	0.78161	1.5632
1059	1	25.793	0	2.3448
1060	1	25.012	0.78161	2.3448
1061	1	26.575	0	1.5632
1062	1	27.356	0.78161	1.5632
1063	1	27.356	0	2.3448
1064	1	26.575	0.78161	2.3448
1065	1	28.138	0	1.5632
1066	1	28.92	0.78161	1.5632
1067	1	28.92	0	2.3448
1068	1	28.138	0.78161	2.3448
1069	1	29.701	0	1.5632
1070	1	30.483	0.78161	1.5632
1071	1	30.483	0	2.3448
1072	1	29.701	0.78161	2.3448
1073	1	31.265	0	1.5632
1074	1	32.046	0.78161	1.5632
1075	1	32.046	0	2.3448
1076	1	31.265	0.78161	2.3448
1077	1	32.828	0	1.5632
1078	1	33.609	0.78161	1.5632
1079	1	33.609	0	2.3448
1080	1	32.828	0.78161	2.3448
1081	1	34.391	0	1.5632
1082	1	35.173	0.78161	1.5632
1083	1	35.173	0	2.3448
1084	1	34.391	0.78161	2.3448
1085	1	35.954	0	1.5632
1086	1	36.736	0.78161	1.5632
1087	1	36.736	0	2.3448
1088	1	35.954	0.78161	2.3448
1089	1	25.012	0	3.1265
1090	1	25.793	0.78161	3.1265
1091	1	25.793	0	3.9081
1092	1	25.012	0.78161	3.9081
1093	1	26.575	0	3.1265
1094	1	27.356	0.78161	3.1265
1095	1	27.356	0	3.9081
1096	1	26.575	0.78161	3.9081
1097	1	28.138	0	3.1265
1098	1	28.92	0.78161	3.1265
1099	1	28.92	0	3.9081
1100	1	28.138	0.78161	3.9081
1101	1	29.701	0	3.1265
1102	1	30.483	0.78161	3.1265
1103	1	30.483	0	3.9081
1104	1	29.701	0.78161	3.9081
1105	1	31.265	0	3.1265
1106	1	32.046	0.78161	3.1265
1107	1	32.046	0	3.9081
1108	1	31.265	0.78161	3.9081
1109	1	32.828	0	3.1265
1110	1	33.609	0.78161	3.1265
1111	1	33.609	0	3.9081
1112	1	32.828	0.78161	3.9081
1113	1	34.391	0	3.1265
1114	1	35.173	0.78161	3.1265
1115	1	35.173	0	3.9081
1116	1	34.391	0.78161	3.9081
1117	1	35.954	0	3.1265
1118	1	36.736	0.78161	3.1265
1119	1	36.736	0	3.9081
1120	1	35.954	0.78161	3.9081
1121	1	25.012	0	4.6897
1122	1	25.793	0.78161	4.6897
1123	1	25.793	0	5.4713
1124	1	25.012	0.78161	5.4713
1125	1	26.575	0	4.6897
1126	1	27.356	0.78161	4.6897
1127	1	27.356	0	5.4713
1128	1	26.575	0.78161	5.4713
1129	1	28.138	0	4.6897
1130	1	28.92	0.78161	4.6897
1131	1	28.92	0	5.4713
1132	1	28.138	0.78161	5.4713
1133	1	29.701	0	4.6897
1134	1	30.483	0.78161	4.6897
1135	1	30.483	0	5.4713
1136	1	29.701	0.78161	5.4713
1137	1	31.265	0	4.6897
1138	1	32.046	0.78161	4.6897
1139	1	32.046	0	5.4713
1140	1	31.265	0.78161	5.4713
1141	1	32.828	0	4.6897
1142	1	33.609	0.78161	4.6897
1143	1	33.609	0	5.4713
1144	1	32.828	0.78161	5.4713
1145	1	34.391	0	4.6897
1146	1	35.173	0.78161	4.6897
1147	1	35.173	0	5.4713
1148	1	34.391	0.78161	5.4713
1149	1	35.954	0	4.6897
1150	1	36.736	0.78161	4.6897
1151	1	36.736	0	5.4713
1152	1	35.954	0.78161	5.4713
1153	1	25.012	1.5632	0
1154	1	25.793	2.3448	0
1155	1	25.793	1.5632	0.78161
1156	1	25.012	2.3448	0.78161
1157	1	26.575	1.5632	0
1158	1	27.356	2.3448	0
1159	1	27.356	1.5632	0.78161
1160	1	26.575	2.3448	0.78161
1161	1	28.138	1.5632	0
1162	1	28.92	2.3448	0
1163	1	28.92	1.5632	0.78161
1164	1	28.138	2.3448	0.78161
1165	1	29.701	1.5632	0
1166	1	30.483	2.3448	0
1167	1	30.483	1.5632	0.78161
1168	1	29.701	2.3448	0.78161
1169	1	31.265	1.5632	0
1170	1	32.046	2.3448	0
1171	1	32.046	1.5632	0.78161
1172	1	31.265	2.3448	0.78161
1173	1	32.828	1.5632	0
1174	1	33.609	2.3448	0
1175	1	33.609	1.5632	0.78161
1176	1	32.828	2.3448	0.78161
1177	1	34.391	1.5632	0
1178	1	35.173	2.3448	0
1179	1	35.173	1.5632	0.78161
1180	1	34.391	2.3448	0.78161
1181	1	35.954	1.5632	0
1182	1	36.736	2.3448	0
1183	1	36.736	1.5632	0.78161
1184	1	35.954	2.3448	0.78161
1185	1	25.012	1.5632	1.5632
1186	1	25.793	2.3448	1.5632
1187	1	25.793	1.5632	2.3448
1188	1	25.012	2.3448	2.3448
1189	1	26.575	1.5632	1.5632
1190	1	27.356	2.3448	1.5632
1191	1	27.356	1.5632	2.3448
1192	1	26.575	2.3448	2.3448
1193	1	28.138	1.5632	1.5632
1194	1	28.92	2.3448	1.5632
1195	1	28.92	1.5632	2.3448
1196	1	28.138	2.3448	2.3448
1197	1	29.701	1.5632	1.5632
1198	1	30.483	2.3448	1.5632
1199	1	30.483	1.5632	2.3448
1200	1	29.701	2.3448	2.3448
1201	1	31.265	1.5632	1.5632
1202	1	32.046	2.3448	1.5632
1203	1	32.046	1.5632	2.3448
1204	1	31.265	2.3448	2.3448
1205	1	32.828	1.5632	1.5632
1206	1	33.609	2.3448	1.5632
1207	1	33.609	1.5632	2.3448
1208	1	32.828	2.3448	2.3448
1209	1	34.391	1.5632	1.5632
1210	1	35.173	2.3448	1.5632
1211	1	35.173	1.5632	2.3448
1212	1	34.391	2.3448	2.3448
1213	1	35.954	1.5632	1.5632
1214	1	36.736	2.3448	1.5632
1215	1	36.736	1.5632	2.3448
1216	1	35.954	2.3448	2.3448
1217	1	25.012	1.5632	3.1265
1218	1	25.793	2.3448	3.1265
1219	1	25.793	1.5632	3.9081
1220	1	25.012	2.3448	3.9081
1221	1	26.575	1.5632	3.1265
1222	1	27.356	2.3448	3.1265
1223	1	27.356	1.5632	3.9081
1224	1	26.575	2.3448	3.9081
1225	1	28.138	1.5632	3.1265
1226	1	28.92	2.3448	3.1265
1227	1	28.92	1.5632	3.9081
1228	1	28.138	2.3448	3.9081
1229	1	29.701	1.5632	3.1265
1230	1	30.483	2.3448	3.1265
1231	1	30.483	1.5632	3.9081
1232	1	29.701	2.3448	3.9081
1233	1	31.265	1.5632	3.1265
1234	1	32.046	2.3448	3.1265
1235	1	32.046	1.5632	3.9081
1236	1	31.265	2.3448	3.9081
1237	1	32.828	1.5632	3.1265
1238	1	33.609	2.3448	3.1265
1239	1	33.609	1.5632	3.9081
1240	1	32.828	2.3448	3.9081
1241	1	34.391	1.5632	3.1265
1242	1	35.173	2.3448	3.1265
1243	1	35.173	1.5632	3.9081
1244	1	34.391	2.3448	3.9081
1245	1	35.954	1.5632	3.1265
1246	1	36.736	2.3448	3.1265
1247	1	36.736	1.5632	3.9081
1248	1	35.954	2.3448	3.9081
1249	1	25.012	1.5632	4.6897
1250	1	25.793	2.3448	4.6897
1251	1	25.793	1.5632	5.4713
1252	1	25.012	2.3448	5.4713
1253	1	26.575	1.5632	4.6897
1254	1	27.356	2.3448	4.6897
1255	1	27.356	1.5632	5.4713
1256	1	26.575	2.3448	5.4713
1257	1	28.138	1.5632	4.6897
1258	1	28.92	2.3448	4.6897
1259	1	28.92	1.5632	5.4713
1260	1	28.138	2.3448	5.4713
1261	1	29.701	1.5632	4.6897
1262	1	30.483	2.3448	4.6897
1263	1	30.483	1.5632	5.4713
1264	1	29.701	2.3448	5.4713
1265	1	31.265	1.5632	4.6897
1266	1	32.046	2.3448	4.6897
1267	1	32.046	1.5632	5.4713
1268	1	31.265	2.3448	5.4713
1269	1	32.828	1.5632	4.6897
1270	1	33.609	2.3448	4.6897
1271	1	33.609	1.5632	5.4713
1272	1	32.828	2.3448	5.4713
1273	1	34.391	1.5632	4.6897
1274	1	35.173	2.3448	4.6897
1275	1	35.173	1.5632	5.4713
1276	1	34.391	2.3448	5.4713
1277	1	35.954	1.5632	4.6897
1278	1	36.736	2.3448	4.6897
1279	1	36.736	1.5632	5.4713
1280	1	35.954	2.3448	5.4713
1281	1	25.012	3.1265	0
1282	1	25.793	3.9081	0
1283	1	25.793	3.1265	0.78161
1284	1	25.012	3.9081	0.78161
1285	1	26.575	3.1265	0
1286	1	27.356	3.9081	0
1287	1	27.356	3.1265	0.78161
1288	1	26.575	3.9081	0.78161
1289	1	28.138	3.1265	0
1290	1	28.92	3.9081	0
1291	1	28.92	3.1265	0.78161
1292	1	28.138	3.9081	0.78161
1293	1	29.701	3.1265	0
1294	1	30.483	3.9081	0
1295	1	30.483	3.1265	0.78161
1296	1	29.701	3.9081	0.78161
1297	1	31.265	3.1265	0
1298	1	32.046	3.9081	0
1299	1	32.046	3.1265	0.78161
1300	1	31.265	3.9081	0.78161
1301	1	32.828	3.1265	0
1302	1	33.609	3.9081	0
1303	1	33.609	3.1265	0.78161
1304	1	32.828	3.9081	0.78161
1305	1	34.391	3.1265	0
1306	1	35.173	3.9081	0
1307	1	35.173	3.1265	0.78161
1308	1	34.391	3.9081	0.78161
1309	1	35.954	3.1265	0
1310	1	36.736	3.9081	0
1311	1	36.736	3.1265	0.78161
1312	1	35.954	3.9081	0.78161
1313	1	25.012	3.1265	1.5632
1314	1	25.793	3.9081	1.5632
1315	1	25.793	3.1265	2.3448
1316	1	25.012	3.9081	2.3448
1317	1	26.575	3.1265	1.5632
1318	1	27.356	3.9081	1.5632
1319	1	27.356	3.1265	2.3448
1320	1	26.575	3.9081	2.3448
1321	1	28.138	3.1265	1.5632
1322	1	28.92	3.9081	1.5632
1323	1	28.92	3.1265	2.3448
1324	1	28.138	3.9081	2.3448
1325	1	29.701	3.1265	1.5632
1326	1	30.483	3.9081	1.5632
1327	1	30.483	3.1265	2.3448
1328	1	29.701	3.9081	2.3448
1329	1	31.265	3.1265	1.5632
1330	1	32.046	3.9081	1.5632
1331	1	32.046	3.1265	2.3448
1332	1	31.265	3.9081	2.3448
1333	1	32.828	3.1265	1.5632
1334	1	33.609	3.9081	1.5632
1335	1	33.609	3.1265	2.3448
1336	1	32.828	3.9081	2.3448
1337	1	34.391	3.1265	1.5632
1338	1	35.173	3.9081	1.5632
1339	1	35.173	3.1265	2.3448
1340	1	34.391	3.9081	2.3448
1341	1	35.954	3.1265	1.5632
1342	1	36.736	3.9081	1.5632
1343	1	36.736	3.1265	2.3448
1344	1	35.954	3.9081	2.3448
1345	1	25.012	3.1265	3.1265
1346	1	25.793	3.9081	3.1265
1347	1	25.793	3.1265	3.9081
1348	1	25.012	3.9081	3.9081
1349	1	26.575	3.1265	3.1265
1350	1	27.356	3.9081	3.1265
1351	1	27.356	3.1265	3.9081
1352	1	26.575	3.9081	3.9081
1353	1	28.138	3.1265	3.1265
1354	1	28.92	3.9081	3.1265
1355	1	28.92	3.1265	3.9081
1356	1	28.138	3.9081	3.9081
1357	1	29.701	3.1265	3.1265
1358	1	30.483	3.9081	3.1265
1359	1	30.483	3.1265	3.9081
1360	1	29.701	3.9081	3.9081
1361	1	31.265	3.1265	3.1265
1362	1	32.046	3.9081	3.1265
1363	1	32.046	3.1265	3.9081
1364	1	31.265	3.9081	3.9081
1365	1	32.828	3.1265	3.1265
1366	1	33.609	3.9081	3.1265
1367	1	33.609	3.1265	3.9081
1368	1	32.828	3.9081	3.9081
1369	1	34.391	3.1265	3.1265
1370	1	35.173	3.9081	3.1265
1371	1	35.173	3.1265	3.9081
1372	1	34.391	3.9081	3.9081
1373	1	35.954	3.1265	3.1265
1374	1	36.736	3.9081	3.1265
1375	1	36.736	3.1265	3.9081
1376	1	35.954	3.9081	3.9081
1377	1	25.012	3.1265	4.6897
1378	1	25.793	3.9081	4.6897
1379	1	25.793	3.1265	5.4713
1380	1	25.012	3.9081	5.4713
1381	1	26.575	3.1265	4.6897
1382	1	27.356	3.9081	4.6897
1383	1	27.356	3.1265	5.4713
1384	1	26.575	3.9081	5.4713
1385	1	28.138	3.1265	4.6897
1386	1	28.92	3.9081	4.6897
1387	1	28.92	3.1265	5.4713
1388	1	28.138	3.9081	5.4713
1389	1	29.701	3.1265	4.6897
1390	1	30.483	3.9081	4.6897
1391	1	30.483	3.1265	5.4713
1392	1	29.701	3.9081	5.4713
1393	1	31.265	3.1265	4.6897
1394	1	32.046	3.9081	4.6897
1395	1	32.046	3.1265	5.4713
1396	1	31.265	3.9081	5.4713
1397	1	32.828	3.1265	4.6897
1398	1	33.609	3.9081	4.6897
1399	1	33.609	3.1265	5.4713
1400	1	32.828	3.9081	5.4713
1401	1	34.391	3.1265	4.6897
1402	1	35.173	3.9081	4.6897
1403	1	35.173	3.1265	5.4713
1404	1	34.391	3.9081	5.4713
1405	1	35.954	3.1265	4.6897
1406	1	36.736	3.9081	4.6897
1407	1	36.736	3.1265	5.4713
1408	1	35.954	3.9081	5.4713
1409	1	25.012	4.6897	0
1410	1	25.793	5.4713	0
1411	1	25.793	4.6897	0.78161
1412	1	25.012	5.4713	0.78161
1413	1	26.575	4.6897	0
1414	1	27.356	5.4713	0
1415	1	27.356	4.6897	0.78161
1416	1	26.575	5.4713	0.78161
1417	1	28.138	4.6897	0
1418	1	28.92	5.4713	0
1419	1	28.92	4.6897	0.78161
1420	1	28.138	5.4713	0.78161
1421	1	29.701	4.6897	0
1422	1	30.483	5.4713	0
1423	1	30.483	4.6897	0.78161
1424	1	29.701	5.4713	0.78161
1425	1	31.265	4.6897	0
1426	1	32.046	5.4713	0
1427	1	32.046	4.6897	0.78161
1428	1	31.265	5.4713	0.78161
1429	1	32.828	4.6897	0
1430	1	33.609	5.4713	0
1431	1	33.609	4.6897	0.78161
1432	1	32.828	5.4713	0.78161
1433	1	34.391	4.6897	0
1434	1	35.173	5.4713	0
1435	1	35.173	4.6897	0.78161
1436	1	34.391	5.4713	0.78161
1437	1	35.954	4.6897	0
1438	1	36.736	5.4713	0
1439	1	36.736	4.6897	0.78161
1440	1	35.954	5.4713	0.78161
1441	1	25.012	4.6897	1.5632
1442	1	25.793	5.4713	1.5632
1443	1	25.793	4.6897	2.3448
1444	1	25.012	5.4713	2.3448
1445	1	26.575	4.6897	1.5632
1446	1	27.356	5.4713	1.5632
1447	1	27.356	4.6897	2.3448
1448	1	26.575	5.4713	2.3448
1449	1	28.138	4.6897	1.5632
1450	1	28.92	5.4713	1.5632
1451	1	28.92	4.6897	2.3448
1452	1	28.138	5.4713	2.3448
1453	1	29.701	4.6897	1.5632
1454	1	30.483	5.4713	1.5632
1455	1	30.483	4.6897	2.3448
1456	1	29.701	5.4713	2.3448
1457	1	31.265	4.6897	1.5632
1458	1	32.046	5.4713	1.5632
1459	1	32.046	4.6897	2.3448
1460	1	31.265	5.4713	2.3448
1461	1	32.828	4.6897	1.5632
1462	1	33.609	5.4713	1.5632
1463	1	33.609	4.6897	2.3448
1464	1	32.828	5.4713	2.3448
1465	1	34.391	4.6897	1.5632
1466	1	35.173	5.4713	1.5632
1467	1	35.173	4.6897	2.3448
1468	1	34.391	5.4713	2.3448
1469	1	35.954	4.6897	1.5632
1470	1	36.736	5.4713	1.5632
1471	1	36.736	4.6897	2.3448
1472	1	35.954	5.4713	2.3448
1473	1	25.012	4.6897	3.1265
1474	1	25.793	5.4713	3.1265
1475	1	25.793	4.6897	3.9081
1476	1	25.012	5.4713	3.9081
1477	1	26.575	4.6897	3.1265
1478	1	27.356	5.4713	3.1265
1479	1	27.356	4.6897	3.9081
1480	1	26.575	5.4713	3.9081
1481	1	28.138	4.6897	3.1265
1482	1	28.92	5.4713	3.1265
1483	1	28.92	4.6897	3.9081
1484	1	28.138	5.4713	3.9081
1485	1	29.701	4.6897	3.1265
1486	1	30.483	5.4713	3.1265
1487	1	30.483	4.6897	3.9081
1488	1	29.701	5.4713	3.9081
1489	1	31.265	4.6897	3.1265
1490	1	32.046	5.4713	3.1265
1491	1	32.046	4.6897	3.9081
1492	1	31.265	5.4713	3.9081
1493	1	32.828	4.6897	3.1265
1494	1	33.609	5.4713	3.1265
1495	1	33.609	4.6897	3.9081
1496	1	32.828	5.4713	3.9081
1497	1	34.391	4.6897	3.1265
1498	1	35.173	5.4713	3.1265
1499	1	35.173	4.6897	3.9081
1500	1	34.391	5.4713	3.9081
1501	1	35.954	4.6897	3.1265
1502	1	36.736	5.4713	3.1265
1503	1	36.736	4.6897	3.9081
1504	1	35.954	5.4713	3.9081
1505	1	25.012	4.6897	4.6897
1506	1	25.793	5.4713	4.6897
1507	1	25.793	4.6897	5.4713
1508	1	25.012	5.4713	5.4713
1509	1	26.575	4.6897	4.6897
1510	1	27.356	5.4713	4.6897
1511	1	27.356	4.6897	5.4713
1512	1	26.575	5.4713	5.4713
1513	1	28.138	4.6897	4.6897
1514	1	28.92	5.4713	4.6897
1515	1	28.92	4.6897	5.4713
1516	1	28.138	5.4713	5.4713
1517	1	29.701	4.6897	4.6897
1518	1	30.483	5.4713	4.6897
1519	1	30.483	4.6897	5.4713
1520	1	29.701	5.4713	5.4713
1521	1	31.265	4.6897	4.6897
1522	1	32.046	5.4713	4.6897
1523	1	32.046	4.6897	5.4713
1524	1	31.265	5.4713	5.4713
1525	1	32.828	4.6897	4.6897
1526	1	33.609	5.4713	4.6897
1527	1	33.609	4.6897	5.4713
1528	1	32.828	5.4713	5.4713
1529	1	34.391	4.6897	4.6897
1530	1	35.173	5.4713	4.6897
1531	1	35.173	4.6897	5.4713
1532	1	34.391	5.4713	5.4713
1533	1	35.954	4.6897	4.6897
1534	1	36.736	5.4713	4.6897
1535	1	36.736	4.6897	5.4713
1536	1	35.954	5.4713	5.4713
1537	1	37.517	0	0
1538	1	38.299	0.78161	0
1539	1	38.299	0	0.78161
1540	1	37.517	0.78161	0.78161
1541	1	39.081	0	0
1542	1	39.862	0.78161	0
1543	1	39.862	0	0.78161
1544	1	39.081	0.78161	0.78161
1545	1	40.644	0	0
1546	1	41.425	0.78161	0
1547	1	41.425	0	0.78161
1548	1	40.644	0.78161	0.78161
1549	1	42.207	0	0
1550	1	42.989	0.78161	0
1551	1	42.989	0	0.78161
1552	1	42.207	0.78161	0.78161
1553	1	43.77	0	0
1554	1	44.552	0.78161	0
1555	1	44.552	0	0.78161
1556	1	43.77	0.78161	0.78161
1557	1	45.334	0	0
1558	1	46.115	0.78161	0
1559	1	46.115	0	0.78161
1560	1	45.334	0.78161	0.78161
1561	1	46.897	0	0
1562	1	47.678	0.78161	0
1563	1	47.678	0	0.78161
1564	1	46.897	0.78161	0.78161
1565	1	48.46	0	0
1566	1	49.242	0.78161	0
1567	1	49.242	0	0.78161
1568	1	48.46	0.78161	0.78161
1569	1	37.517	0	1.5632
1570	1	38.299	0.78161	1.5632
1571	1	38.299	0	2.3448
1572	1	37.517	0.78161	2.3448
1573	1	39.081	0	1.5632
1574	1	39.862	0.78161	1.5632
1575	1	39.862	0	2.3448
1576	1	39.081	0.78161	2.3448
1577	1	40.644	0	1.5632
1578	1	41.425	0.78161	1.5632
1579	1	41.425	0	2.3448
1580	1	40.644	0.78161	2.3448
1581	1	42.207	0	1.5632
1582	1	42.989	0.78161	1.5632
1583	1	42.989	0	2.3448
1584	1	42.207	0.78161	2.3448
1585	1	43.77	0	1.5632
1586	1	44.552	0.78161	1.5632
1587	1	44.552	0	2.3448
1588	1	43.77	0.78161	2.3448
1589	1	45.334	0	1.5632
1590	1	46.115	0.78161	1.5632
1591	1	46.115	0	2.3448
1592	1	45.334	0.78161	2.3448
1593	1	46.897	0	1.5632
1594	1	47.678	0.78161	1.5632
1595	1	47.678	0	2.3448
1596	1	46.897	0.78161	2.3448
1597	1	48.46	0	1.5632
1598	1	49.242	0.78161	1.5632
1599	1	49.242	0	2.3448
1600	1	48.46	0.78161	2.3448
1601	1	37.517	0	3.1265
1602	1	38.299	0.78161	3.1265
1603	1	38.299	0	3.9081
1604	1	37.517	0.78161	3.9081
1605	1	39.081	0	3.1265
1606	1	39.862	0.78161	3.1265
1607	1	39.862	0	3.9081
1608	1	39.081	0.78161	3.9081
1609	1	40.644	0	3.1265
1610	1	41.425	0.78161	3.1265
1611	1	41.425	0	3.9081
1612	1	40.644	0.78161	3.9081
1613	1	42.207	0	3.1265
1614	1	42.989	0.78161	3.1265
1615	1	42.989	0	3.9081
1616	1	42.207	0.78161	3.9081
1617	1	43.77	0	3.1265
1618	1	44.552	0.78161	3.1265
1619	1	44.552	0	3.9081
1620	1	43.77	0.78161	3.9081
1621	1	45.334	0	3.1265
1622	1	46.115	0.78161	3.1265
1623	1	46.115	0	3.9081
1624	1	45.334	0.78161	3.9081
1625	1	46.897	0	3.1265
1626	1	47.678	0.78161	3.1265
1627	1	47.678	0	3.9081
1628	1	46.897	0.78161	3.9081
1629	1	48.46	0	3.1265
1630	1	49.242	0.78161	3.1265
1631	1	49.242	0	3.9081
1632	1	48.46	0.78161	3.9081
1633	1	37.517	0	4.6897
1634	1	38.299	0.78161	4.6897
1635	1	38.299	0	5.4713
1636	1	37.517	0.78161	5.4713
1637	1	39.081	0	4.6897
1638	1	39.862	0.78161	4.6897
1639	1	39.862	0	5.4713
1640	1	39.081	0.78161	5.4713
1641	1	40.644	0	4.6897
1642	1	41.425	0.78161	4.6897
1643	1	41.425	0	5.4713
1644	1	40.644	0.78161	5.4713
1645	1	42.207	0	4.6897
1646	1	42.989	0.78161	4.6897
1647	1	42.989	0	5.4713
1648	1	42.207	0.78161	5.4713
1649	1	43.77	0	4.6897
1650	1	44.552	0.78161	4.6897
1651	1	44.552	0	5.4713
1652	1	43.77	0.78161	5.4713
1653	1	45.334	0	4.6897
1654	1	46.115	0.78161	4.6897
1655	1	46.115	0	5.4713
1656	1	45.334	0.78161	5.4713
1657	1	46.897	0	4.6897
1658	1	47.678	0.78161	4.6897
1659	1	47.678	0	5.4713
1660	1	46.897	0.78161	5.4713
1661	1	48.46	0	4.6897
1662	1	49.242	0.78161	4.6897
1663	1	49.242	0	5.4713
1664	1	48.46	0.78161	5.4713
1665	1	37.517	1.5632	0
1666	1	38.299	2.3448	0
1667	1	38.299	1.5632	0.78161
1668	1	37.517	2.3448	0.78161
1669	1	39.081	1.5632	0
1670	1	39.862	2.3448	0
1671	1	39.862	1.5632	0.78161
1672	1	39.081	2.3448	0.78161
1673	1	40.644	1.5632	0
1674	1	41.425	2.3448	0
1675	1	41.425	1.5632	0.78161
1676	1	40.644	2.3448	0.78161
1677	1	42.207	1.5632	0
1678	1	42.989	2.3448	0
1679	1	42.989	1.5632	0.78161
1680	1	42.207	2.3448	0.78161
1681	1	43.77	1.5632	0
1682	1	44.552	2.3448	0
1683	1	44.552	1.5632	0.78161
1684	1	43.77	2.3448	0.78161
1685	1	45.334	1.5632	0
1686	1	46.115	2.3448	0
1687	1	46.115	1.5632	0.78161
1688	1	45.334	2.3448	0.78161
1689	1	46.897	1.5632	0
1690	1	47.678	2.3448	0
1691	1	47.678	1.5632	0.78161
1692	1	46.897	2.3448	0.78161
1693	1	48.46	1.5632	0
1694	1	49.242	2.3448	0
1695	1	49.242	1.5632	0.78161
1696	1	48.46	2.3448	0.78161
1697	1	37.517	1.5632	1.5632
1698	1	38.299	2.3448	1.5632
1699	1	38.299	1.5632	2.3448
1700	1	37.517	2.3448	2.3448
1701	1	39.081	1.5632	1.5632
1702	1	39.862	2.3448	1.5632
1703	1	39.862	1.5632	2.3448
1704	1	39.081	2.3448	2.3448
1705	1	40.644	1.5632	1.5632
1706	1	41.425	2.3448	1.5632
1707	1	41.425	1.5632	2.3448
1708	1	40.644	2.3448	2.3448
1709	1	42.207	1.5632	1.5632
1710	1	42.989	2.3448	1.5632
1711	1	42.989	1.5632	2.3448
1712	1	42.207	2.3448	2.3448
1713	1	43.77	1.5632	1.5632
1714	1	44.552	2.3448	1.5632
1715	1	44.552	1.5632	2.3448
1716	1	43.77	2.3448	2.3448
1717	1	45.334	1.5632	1.5632
1718	1	46.115	2.3448	1.5632
1719	1	46.115	1.5632	2.3448
1720	1	45.334	2.3448	2.3448
1721	1	46.897	1.5632	1.5632
1722	1	47.678	2.3448	1.5632
1723	1	47.678	1.5632	2.3448
1724	1	46.897	2.3448	2.3448
1725	1	48.46	1.5632	1.5632
1726	1	49.242	2.3448	1.5632
1727	1	49.242	1.5632	2.3448
1728	1	48.46	2.3448	2.3448
1729	1	37.517	1.5632	3.1265
1730	1	38.299	2.3448	3.1265
1731	1	38.299	1.5632	3.9081
1732	1	37.517	2.3448	3.9081
1733	1	39.081	1.5632	3.1265
1734	1	39.862	2.3448	3.1265
1735	1	39.862	1.5632	3.9081
1736	1	39.081	2.3448	3.9081
1737	1	40.644	1.5632	3.1265
1738	1	41.425	2.3448	3.1265
1739	1	41.425	1.5632	3.9081
1740	1	40.644	2.3448	3.9081
1741	1	42.207	1.5632	3.1265
1742	1	42.989	2.3448	3.1265
1743	1	42.989	1.5632	3.9081
1744	1	42.207	2.3448	3.9081
1745	1	43.77	1.5632	3.1265
1746	1	44.552	2.3448	3.1265
1747	1	44.552	1.5632	3.9081
1748	1	43.77	2.3448	3.9081
1749	1	45.334	1.5632	3.1265
1750	1	46.115	2.3448	3.1265
1751	1	46.115	1.5632	3.9081
1752	1	45.334	2.3448	3.9081
1753	1	46.897	1.5632	3.1265
1754	1	47.678	2.3448	3.1265
1755	1	47.678	1.5632	3.9081
1756	1	46.897	2.3448	3.9081
1757	1	48.46	1.5632	3.1265
1758	1	49.242	2.3448	3.1265
1759	1	49.242	1.5632	3.9081
1760	1	48.46	2.3448	3.9081
1761	1	37.517	1.5632	4.6897
1762	1	38.299	2.3448	4.6897
1763	1	38.299	1.5632	5.4713
1764	1	37.517	2.3448	5.4713
1765	1	39.081	1.5632	4.6897
1766	1	39.862	2.3448	4.6897
1767	1	39.862	1.5632	5.4713
1768	1	39.081	2.3448	5.4713
1769	1	40.644	1.5632	4.6897
1770	1	41.425	2.3448	4.6897
1771	1	41.425	1.5632	5.4713
1772	1	40.644	2.3448	5.4713
1773	1	42.207	1.5632	4.6897
1774	1	42.989	2.3448	4.6897
1775	1	42.989	1.5632	5.4713
1776	1	42.207	2.3448	5.4713
1777	1	43.77	1.5632	4.6897
1778	1	44.552	2.3448	4.6897
1779	1	44.552	1.5632	5.4713
1780	1	43.77	2.3448	5.4713
1781	1	45.334	1.5632	4.6897
1782	1	46.115	2.3448	4.6897
1783	1	46.115	1.5632	5.4713
1784	1	45.334	2.3448	5.4713
1785	1	46.897	1.5632	4.6897
1786	1	47.678	2.3448	4.6897
1787	1	47.678	1.5632	5.4713
1788	1	46.897	2.3448	5.4713
1789	1	48.46	1.5632	4.6897
1790	1	49.242	2.3448	4.6897
1791	1	49.242	1.5632	5.4713
1792	1	48.46	2.3448	5.4713
1793	1	37.517	3.1265	0
1794	1	38.299	3.9081	0
1795	1	38.299	3.1265	0.78161
1796	1	37.517	3.9081	0.78161
1797	1	39.081	3.1265	0
1798	1	39.862	3.9081	0
1799	1	39.862	3.1265	0.78161
1800	1	39.081	3.9081	0.78161
1801	1	40.644	3.1265	0
1802	1	41.425	3.9081	0
1803	1	41.425	3.1265	0.78161
1804	1	40.644	3.9081	0.78161
1805	1	42.207	3.1265	0
1806	1	42.989	3.9081	0
1807	1	42.989	3.1265	0.78161
1808	1	42.207	3.9081	0.78161
1809	1	43.77	3.1265	0
1810	1	44.552	3.9081	0
1811	1	44.552	3.1265	0.78161
1812	1	43.77	3.9081	0.78161
1813	1	45.334	3.1265	0
1814	1	46.115	3.9081	0
1815	1	46.115	3.1265	0.78161
1816	1	45.334	3.9081	0.78161
1817	1	46.897	3.1265	0
1818	1	47.678	3.9081	0
1819	1	47.678	3.1265	0.78161
1820	1	46.897	3.9081	0.78161
1821	1	48.46	3.1265	0
1822	1	49.242	3.9081	0
1823	1	49.242	3.1265	0.78161
1824	1	48.46	3.9081	0.78161
1825	1	37.517	3.1265	1.5632
1826	1	38.299	3.9081	1.5632
1827	1	38.299	3.1265	2.3448
1828	1	37.517	3.9081	2.3448
1829	1	39.081	3.1265	1.5632
1830	1	39.862	3.9081	1.5632
1831	1	39.862	3.1265	2.3448
1832	1	39.081	3.9081	2.3448
1833	1	40.644	3.1265	1.5632
1834	1	41.425	3.9081	1.5632
1835	1	41.425	3.1265	2.3448
1836	1	40.644	3.9081	2.3448
1837	1	42.207	3.1265	1.5632
1838	1	42.989	3.9081	1.5632
1839	1	42.989	3.1265	2.3448
1840	1	42.207	3.9081	2.3448
1841	1	43.77	3.1265	1.5632
1842	1	44.552	3.9081	1.5632
1843	1	44.552	3.1265	2.3448
1844	1	43.77	3.9081	2.3448
1845	1	45.334	3.1265	1.5632
1846	1	46.115	3.9081	1.5632
1847	1	46.115	3.1265	2.3448
1848	1	45.334	3.9081	2.3448
1849	1	46.897	3.1265	1.5632
1850	1	47.678	3.9081	1.5632
1851	1	47.678	3.1265	2.3448
1852	1	46.897	3.9081	2.3448
1853	1	48.46	3.1265	1.5632
1854	1	49.242	3.9081	1.5632
1855	1	49.242	3.1265	2.3448
1856	1	48.46	3.9081	2.3448
1857	1	37.517	3.1265	3.1265
1858	1	38.299	3.9081	3.1265
1859	1	38.299	3.1265	3.9081
1860	1	37.517	3.9081	3.9081
1861	1	39.081	3.1265	3.1265
1862	1	39.862	3.9081	3.1265
1863	1	39.862	3.1265	3.9081
1864	1	39.081	3.9081	3.9081
1865	1	40.644	3.1265	3.1265
1866	1	41.425	3.9081	3.1265
1867	1	41.425	3.1265	3.9081
1868	1	40.644	3.9081	3.9081
1869	1	42.207	3.1265	3.1265
1870	1	42.989	3.9081	3.1265
1871	1	42.989	3.1265	3.9081
1872	1	42.207	3.9081	3.9081
1873	1	43.77	3.1265	3.1265
1874	1	44.552	3.9081	3.1265
1875	1	44.552	3.1265	3.9081
1876	1	43.77	3.9081	3.9081
1877	1	45.334	3.1265	3.1265
1878	1	46.115	3.9081	3.1265
1879	1	46.115	3.1265	3.9081
1880	1	45.334	3.9081	3.9081
1881	1	46.897	3.1265	3.1265
1882	1	47.678	3.9081	3.1265
1883	1	47.678	3.1265	3.9081
1884	1	46.897	3.9081	3.9081
1885	1	48.46	3.1265	3.1265
1886	1	49.242	3.9081	3.1265
1887	1	49.242	3.1265	3.9081
1888	1	48.46	3.9081	3.9081
1889	1	37.517	3.1265	4.6897
1890	1	38.299	3.9081	4.6897
1891	1	38.299	3.1265	5.4713
1892	1	37.517	3.9081	5.4713
1893	1	39.081	3.1265	4.6897
1894	1	39.862	3.9081	4.6897
1895	1	39.862	3.1265	5.4713
1896	1	39.081	3.9081	5.4713
1897	1	40.644	3.1265	4.6897
1898	1	41.425	3.9081	4.6897
1899	1	41.425	3.1265	5.4713
1900	1	40.644	3.9081	5.4713
1901	1	42.207	3.1265	4.6897
1902	1	42.989	3.9081	4.6897
1903	1	42.989	3.1265	5.4713
1904	1	42.207	3.9081	5.4713
1905	1	43.77	3.1265	4.6897
1906	1	44.552	3.9081	4.6897
1907	1	44.552	3.1265	5.4713
1908	1	43.77	3.9081	5.4713
1909	1	45.334	3.1265	4.6897
1910	1	46.115	3.9081	4.6897
1911	1	46.115	3.1265	5.4713
1912	1	45.334	3.9081	5.4713
1913	1	46.897	3.1265	4.6897
1914	1	47.678	3.9081	4.6897
1915	1	47.678	3.1265	5.4713
1916	1	46.897	3.9081	5.4713
1917	1	48.46	3.1265	4.6897
1918	1	49.242	3.9081	4.6897
1919	1	49.242	3.1265	5.4713
1920	1	48.46	3.9081	5.4713
1921	1	37.517	4.6897	0
1922	1	38.299	5.4713	0
1923	1	38.299	4.6897	0.78161
1924	1	37.517	5.4713	0.78161
1925	1	39.081	4.6897	0
1926	1	39.862	5.4713	0
1927	1	39.862	4.6897	0.78161
1928	1	39.081	5.4713	0.78161
1929	1	40.644	4.6897	0
1930	1	41.425	5.4713	0
1931	1	41.425	4.6897	0.78161
1932	1	40.644	5.4713	0.78161
1933	1	42.207	4.6897	0
1934	1	42.989	5.4713	0
1935	1	42.989	4.6897	0.78161
1936	1	42.207	5.4713	0.78161
1937	1	43.77	4.6897	0
1938	1	44.552	5.4713	0
1939	1	44.552	4.6897	0.78161
1940	1	43.77	5.4713	0.78161
1941	1	45.334	4.6897	0
1942	1	46.115	5.4713	0
1943	1	46.115	4.6897	0.78161
1944	1	45.334	5.4713	0.78161
1945	1	46.897	4.6897	0
1946	1	47.678	5.4713	0
1947	1	47.678	4.6897	0.78161
1948	1	46.897	5.4713	0.78161
1949	1	48.46	4.6897	0
1950	1	49.242	5.4713	0
1951	1	49.242	4.6897	0.78161
1952	1	48.46	5.4713	0.78161
1953	1	37.517	4.6897	1.5632
1954	1	38.299	5.4713	1.5632
1955	1	38.299	4.6897	2.3448
1956	1	37.517	5.4713	2.3448
1957	1	39.081	4.6897	1.5632
1958	1	39.862	5.4713	1.5632
1959	1	39.862	4.6897	2.3448
1960	1	39.081	5.4713	2.3448
1961	1	40.644	4.6897	1.5632
1962	1	41.425	5.4713	1.5632
1963	1	41.425	4.6897	2.3448
1964	1	40.644	5.4713	2.3448
1965	1	42.207	4.6897	1.5632
1966	1	42.989	5.4713	1.5632
1967	1	42.989	4.6897	2.3448
1968	1	42.207	5.4713	2.3448
1969	1	43.77	4.6897	1.5632
1970	1	44.552	5.4713	1.5632
1971	1	44.552	4.6897	2.3448
1972	1	43.77	5.4713	2.3448
1973	1	45.334	4.6897	1.5632
1974	1	46.115	5.4713	1.5632
1975	1	46.115	4.6897	2.3448
1976	1	45.334	5.4713	2.3448
1977	1	46.897	4.6897	1.5632
1978	1	47.678	5.4713	1.5632
1979	1	47.678	4.6897	2.3448
1980	1	46.897	5.4713	2.3448
1981	1	48.46	4.6897	1.5632
1982	1	49.242	5.4713	1.5632
1983	1	49.242	4.6897	2.3448
1984	1	48.46	5.4713	2.3448
1985	1	37.517	4.6897	3.1265
1986	1	38.299	5.4713	3.1265
1987	1	38.299	4.6897	3.9081
1988	1	37.517	5.4713	3.9081
1989	1	39.081	4.6897	3.1265
1990	1	39.862	5.4713	3.1265
1991	1	39.862	4.6897	3.9081
1992	1	39.081	5.4713	3.9081
1993	1	40.644	4.6897	3.1265
1994	1	41.425	5.4713	3.1265
1995	1	41.425	4.6897	3.9081
1996	1	40.644	5.4713	3.9081
1997	1	42.207	4.6897	3.1265
1998	1	42.989	5.4713	3.1265
1999	1	42.989	4.6897	3.9081
2000	1	42.207	5.4713	3.9081
2001	1	43.77	4.6897	3.1265
2002	1	44.552	5.4713	3.1265
2003	1	44.552	4.6897	3.9081
2004	1	43.77	5.4713	3.9081
2005	1	45.334	4.6897	3.1265
2006	1	46.115	5.4713	3.1265
2007	1	46.115	4.6897	3.9081
2008	1	45.334	5.4713	3.9081
2009	1	46.897	4.6897	3.1265
2010	1	47.678	5.4713	3.1265
2011	1	47.678	4.6897	3.9081
2012	1	46.897	5.4713	3.9081
2013	1	48.46	4.6897	3.1265
2014	1	49.242	5.4713	3.1265
2015	1	49.242	4.6897	3.9081
2016	1	48.46	5.4713	3.9081
2017	1	37.517	4.6897	4.6897
2018	1	38.299	5.4713	4.6897
2019	1	38.299	4.6897	5.4713
2020	1	37.517	5.4713	5.4713
2021	1	39.081	4.6897	4.6897
2022	1	39.862	5.4713	4.6897
2023	1	39.862	4.6897	5.4713
2024	1	39.081	5.4713	5.4713
2025	1	40.644	4.6897	4.6897
2026	1	41.425	5.4713	4.6897
2027	1	41.425	4.6897	5.4713
2028	1	40.644	5.4713	5.4713
2029	1	42.207	4.6897	4.6897
2030	1	42.989	5.4713	4.6897
2031	1	42.989	4.6897	5.4713
2032	1	42.207	5.4713	5.4713
2033	1	43.77	4.6897	4.6897
2034	1	44.552	5.4713	4.6897
2035	1	44.552	4.6897	5.4713
2036	1	43.77	5.4713	5.4713
2037	1	45.334	4.6897	4.6897
2038	1	46.115	5.4713	4.6897
2039	1	46.115	4.6897	5.4713
2040	1	45.334	5.4713	5.4713
2041	1	46.897	4.6897	4.6897
2042	1	47.678	5.4713	4.6897
2043	1	47.678	4.6897	5.4713
2044	1	46.897	5.4713	5.4713
2045	1	48.46	4.6897	4.6897
2046	1	49.242	5.4713	4.6897
2047	1	49.242	4.6897	5.4713
2048	1	48.46	5.4713	5.4713
