1.5882e-11 1.2129e-11 1.2161e-11 1.3041e-11 1.4754e-11 1.1946e-11 1.2273e-11 1.0629e-11 5.7007e-12 1.1602e-11 1.0208e-11 8.4632e-12 7.517e-12 5.9846e-12 5.7488e-12 5.6108e-12 5.6075e-12 4.738e-12 3.8749e-12 4.115e-12 2.3095e-12 3.6594e-12 3.6204e-12 3.1801e-12
1.3974e-11 1.4693e-11 1.2989e-11 1.1679e-11 1.1757e-11 1.1116e-11 1.6343e-11 1.5507e-11 1.1567e-11 1.0521e-11 7.7132e-12 1.0027e-11 7.9529e-12 5.2675e-12 4.2028e-12 4.4294e-12 4.57e-12 5.1627e-12 3.973e-12 3.3917e-12 3.9387e-12 2.2536e-12 2.5065e-12 2.74e-12
1.6172e-11 1.2306e-11 1.3345e-11 1.2874e-11 1.3013e-11 1.7024e-11 1.2582e-11 1.5265e-11 1.6185e-11 9.1209e-12 1.1469e-11 8.9624e-12 5.7679e-12 5.5471e-12 6.8958e-12 4.3482e-12 3.4551e-12 4.003e-12 3.9648e-12 3.3454e-12 3.6998e-12 2.7436e-12 2.3913e-12 2.5851e-12
1.7981e-11 1.3389e-11 1.3635e-11 1.2942e-11 1.156e-11 1.0192e-11 1.5531e-11 1.3807e-11 9.5559e-12 1.013e-11 7.4043e-12 1.0467e-11 6.2627e-12 5.1239e-12 4.6758e-12 4.7141e-12 4.426e-12 3.9727e-12 3.5606e-12 3.8927e-12 3.3333e-12 2.2641e-12 2.5622e-12 2.4675e-12
1.6577e-11 1.2362e-11 1.1286e-11 1.2392e-11 1.3173e-11 1.2362e-11 1.2251e-11 1.2664e-11 6.4434e-12 1.2727e-11 1.1531e-11 8.9989e-12 8.4514e-12 5.4576e-12 4.9562e-12 5.7049e-12 5.5967e-12 4.506e-12 3.7124e-12 3.8112e-12 2.3705e-12 3.1698e-12 3.3132e-12 3.1704e-12
1.3499e-11 1.2286e-11 1.5019e-11 1.153e-11 1.2386e-11 1.1134e-11 1.445e-11 1.1603e-11 8.4801e-12 8.5618e-12 7.243e-12 9.3166e-12 6.1835e-12 7.4401e-12 5.396e-12 6.4116e-12 4.5392e-12 4.6989e-12 4.2538e-12 4.161e-12 3.2066e-12 3.0886e-12 3.4815e-12 3.3025e-12
1.5625e-11 1.5246e-11 1.4541e-11 1.3624e-11 1.2486e-11 9.2309e-12 1.3181e-11 1.4748e-11 1.0199e-11 1.0098e-11 8.2752e-12 1.0553e-11 7.1753e-12 5.0949e-12 4.5799e-12 5.0727e-12 4.4721e-12 4.4628e-12 3.928e-12 4.1751e-12 3.932e-12 2.1811e-12 2.9032e-12 2.5039e-12
1.8131e-11 1.9643e-11 1.5087e-11 1.269e-11 1.4431e-11 1.1373e-11 1.0338e-11 1.2767e-11 1.5455e-11 1.4115e-11 6.4693e-12 8.5468e-12 7.9989e-12 6.3846e-12 5.0882e-12 3.6404e-12 4.6591e-12 4.8893e-12 3.8489e-12 4.2981e-12 3.3381e-12 2.54e-12 2.2343e-12 2.3934e-12
2.5369e-11 1.6412e-11 1.7754e-11 1.1932e-11 1.5123e-11 1.454e-11 9.2473e-12 1.1782e-11 1.8236e-11 1.879e-11 6.632e-12 6.0815e-12 9.0095e-12 8.707e-12 5.1206e-12 4.4419e-12 4.8076e-12 4.5337e-12 5.1142e-12 4.3334e-12 3.6904e-12 2.8787e-12 2.2793e-12 2.0491e-12
1.3769e-11 2.434e-11 1.6359e-11 1.3481e-11 1.5497e-11 1.0923e-11 1.0304e-11 1.1837e-11 1.4815e-11 1.5263e-11 5.9773e-12 8.4201e-12 8.809e-12 6.3555e-12 5.5151e-12 4.2675e-12 4.194e-12 5.5267e-12 3.6765e-12 3.5121e-12 3.4603e-12 2.4793e-12 2.3489e-12 2.496e-12
1.402e-11 1.4082e-11 1.5082e-11 1.3736e-11 1.1336e-11 1.236e-11 1.312e-11 1.5089e-11 1.0219e-11 8.8448e-12 7.1125e-12 8.9556e-12 8.0441e-12 5.8029e-12 4.7121e-12 4.7036e-12 4.3552e-12 4.3148e-12 3.9903e-12 3.639e-12 3.8887e-12 2.3993e-12 2.2571e-12 2.5681e-12
9.8375e-12 1.1509e-11 1.2779e-11 1.2878e-11 1.0607e-11 1.2443e-11 1.1552e-11 1.4543e-11 1.1757e-11 1.2674e-11 9.0485e-12 8.051e-12 5.6338e-12 5.6566e-12 5.0928e-12 5.0318e-12 4.1985e-12 3.5848e-12 3.5338e-12 4.069e-12 2.2952e-12 2.4378e-12 2.9195e-12 2.7075e-12
1.8002e-11 1.4434e-11 1.2817e-11 1.0276e-11 1.1716e-11 1.4355e-11 1.0607e-11 1.362e-11 1.6934e-11 1.2473e-11 1.2801e-11 9.1184e-12 5.7207e-12 5.4668e-12 7.6633e-12 4.2246e-12 3.6794e-12 4.6033e-12 4.5405e-12 3.273e-12 3.6072e-12 2.6009e-12 2.3882e-12 2.0977e-12
2.8734e-11 1.7508e-11 1.8451e-11 1.2406e-11 1.4782e-11 1.1229e-11 1.1159e-11 1.0078e-11 1.8912e-11 1.3776e-11 6.3111e-12 6.2665e-12 9.342e-12 6.9206e-12 4.4205e-12 4.6825e-12 5.2728e-12 4.4486e-12 4.7506e-12 3.0889e-12 3.1599e-12 2.721e-12 2.0695e-12 2.4212e-12
1.9943e-11 2.4254e-11 2.9507e-11 1.3854e-11 1.2975e-11 1.5174e-11 9.0817e-12 8.6778e-12 6.3432e-12 5.5467e-12 1.4984e-11 1.8388e-11 8.2804e-12 9.9762e-12 4.1807e-12 4.3093e-12 4.4015e-12 5.7816e-12 5.6429e-12 3.389e-12 3.7072e-12 2.4953e-12 2.3418e-12 2.1478e-12
2.7417e-11 1.5295e-11 1.6067e-11 1.1473e-11 1.6067e-11 1.198e-11 1.0477e-11 9.3684e-12 1.3969e-11 1.6237e-11 6.618e-12 6.3169e-12 7.9155e-12 9.1154e-12 5.2695e-12 4.9628e-12 4.9639e-12 4.2899e-12 4.5987e-12 3.4117e-12 3.3397e-12 2.4716e-12 2.0289e-12 2.1126e-12
1.5179e-11 1.2348e-11 1.1456e-11 1.1431e-11 1.5055e-11 1.6085e-11 1.2553e-11 1.3212e-11 1.7399e-11 9.2913e-12 1.4108e-11 9.8419e-12 5.1214e-12 5.6893e-12 5.322e-12 4.0506e-12 3.5408e-12 4.4775e-12 4.1082e-12 3.4788e-12 4.0684e-12 2.8144e-12 2.6028e-12 2.6375e-12
1.3035e-11 1.3372e-11 1.3264e-11 1.1778e-11 1.3194e-11 1.2875e-11 1.377e-11 1.2897e-11 1.2995e-11 1.5259e-11 8.703e-12 9.2821e-12 3.6529e-12 3.7746e-12 4.4305e-12 4.465e-12 4.3188e-12 4.2776e-12 4.1842e-12 3.7594e-12 3.5802e-12 3.2393e-12 2.303e-12 2.4572e-12
1.6526e-11 1.4489e-11 1.3443e-11 1.6018e-11 1.0577e-11 1.2999e-11 1.4121e-11 1.5051e-11 1.1977e-11 9.7966e-12 8.5403e-12 1.0303e-11 6.6876e-12 6.3306e-12 4.6238e-12 4.4325e-12 5.3393e-12 4.6531e-12 3.7773e-12 3.8647e-12 3.7175e-12 2.1853e-12 2.6544e-12 2.4941e-12
1.8159e-11 2.0796e-11 1.4897e-11 1.153e-11 1.2321e-11 1.0958e-11 8.6262e-12 1.5566e-11 1.4229e-11 1.5751e-11 6.9195e-12 8.9859e-12 9.3542e-12 5.4713e-12 5.4654e-12 4.0957e-12 4.2857e-12 4.7232e-12 4.0296e-12 3.4413e-12 3.6069e-12 2.4323e-12 2.54e-12 2.3147e-12
3.0051e-11 1.4681e-11 1.6174e-11 1.4258e-11 1.5639e-11 1.2078e-11 1.0393e-11 8.9364e-12 1.5025e-11 1.6898e-11 7.7734e-12 6.4005e-12 9.2856e-12 7.2815e-12 4.7235e-12 5.1007e-12 5.4964e-12 4.3766e-12 5.5142e-12 3.8533e-12 3.3626e-12 2.4357e-12 2.1012e-12 1.922e-12
1.4704e-11 1.705e-11 1.6719e-11 1.1573e-11 1.522e-11 1.0855e-11 1.0487e-11 1.302e-11 1.463e-11 1.6479e-11 6.4282e-12 9.0918e-12 1.0257e-11 5.5659e-12 4.6303e-12 3.9244e-12 4.9163e-12 5.2554e-12 3.7827e-12 3.7732e-12 4.1422e-12 2.6002e-12 2.3571e-12 2.1092e-12
1.6556e-11 1.5957e-11 1.4575e-11 1.3972e-11 1.2977e-11 1.059e-11 1.2665e-11 1.6394e-11 1.2478e-11 8.5055e-12 7.6762e-12 1.0763e-11 8.6262e-12 6.2039e-12 4.0888e-12 4.1459e-12 5.1564e-12 4.0216e-12 3.7649e-12 4.0671e-12 3.9728e-12 2.6186e-12 2.6291e-12 2.4201e-12
1.0447e-11 1.1464e-11 1.4978e-11 1.3438e-11 1.0588e-11 1.2006e-11 1.2662e-11 1.1812e-11 1.047e-11 1.229e-11 9.4376e-12 8.4218e-12 5.1424e-12 5.1691e-12 6.075e-12 5.8956e-12 4.1668e-12 3.7217e-12 3.9024e-12 3.8817e-12 2.5154e-12 2.2909e-12 3.0785e-12 3.6203e-12
1.6461e-11 1.2479e-11 1.2527e-11 1.0835e-11 1.3139e-11 1.4885e-11 1.2977e-11 1.1491e-11 6.5929e-12 1.2248e-11 1.0401e-11 7.5988e-12 7.5127e-12 5.2768e-12 5.2247e-12 6.2344e-12 6.3587e-12 4.1287e-12 4.6041e-12 4.0206e-12 2.3317e-12 3.4788e-12 3.419e-12 3.0559e-12
1.4748e-11 1.5301e-11 1.4542e-11 1.3019e-11 9.8507e-12 1.1254e-11 1.5183e-11 1.7831e-11 1.228e-11 1.1697e-11 7.1503e-12 1.1718e-11 8.0104e-12 4.8897e-12 4.238e-12 4.6314e-12 5.1577e-12 4.1797e-12 4.1827e-12 3.6107e-12 3.9425e-12 2.3287e-12 2.3078e-12 2.7705e-12
1.8367e-11 1.5799e-11 1.1861e-11 1.1476e-11 1.4212e-11 1.6917e-11 1.1475e-11 1.2661e-11 1.4416e-11 1.0922e-11 1.3512e-11 1.1671e-11 4.8555e-12 4.8617e-12 6.6083e-12 4.7596e-12 3.9755e-12 3.9326e-12 4.593e-12 3.0366e-12 4.0133e-12 2.775e-12 2.5744e-12 2.2935e-12
1.5843e-11 1.3086e-11 1.3671e-11 1.4612e-11 1.0452e-11 1.066e-11 1.4314e-11 1.4398e-11 1.2247e-11 9.5617e-12 9.466e-12 8.3272e-12 7.604e-12 4.9456e-12 4.6825e-12 4.4169e-12 5.5114e-12 4.6168e-12 3.7616e-12 3.3332e-12 3.6401e-12 2.2743e-12 2.9566e-12 2.4803e-12
1.6933e-11 1.4712e-11 1.1761e-11 1.4898e-11 1.3418e-11 1.2856e-11 1.236e-11 1.3593e-11 6.1947e-12 1.2724e-11 9.5733e-12 8.579e-12 8.4138e-12 4.8718e-12 5.7689e-12 5.4946e-12 5.1634e-12 4.8603e-12 3.9271e-12 3.9009e-12 2.5123e-12 3.4381e-12 3.219e-12 3.1162e-12
1.2465e-11 1.3347e-11 1.6347e-11 1.2774e-11 9.9572e-12 1.0471e-11 1.3303e-11 1.2121e-11 9.2738e-12 8.458e-12 9.3805e-12 7.5664e-12 7.2983e-12 6.3613e-12 5.4019e-12 5.6352e-12 3.8519e-12 4.448e-12 4.0962e-12 3.6288e-12 2.7674e-12 2.8287e-12 3.3817e-12 3.7569e-12
1.2873e-11 1.1787e-11 1.562e-11 1.3756e-11 1.1705e-11 1.1682e-11 1.2442e-11 1.1315e-11 7.8016e-12 8.7134e-12 8.2696e-12 6.8383e-12 6.0657e-12 8.525e-12 5.6138e-12 5.5351e-12 4.1433e-12 5.0246e-12 3.7011e-12 4.1518e-12 2.9582e-12 2.6771e-12 3.5622e-12 3.5838e-12
1.2632e-11 1.1185e-11 1.3652e-11 1.3738e-11 1.1092e-11 1.1327e-11 1.424e-11 1.4543e-11 1.6191e-11 1.0135e-11 1.0606e-11 9.449e-12 6.9624e-12 5.8091e-12 5.4128e-12 5.8023e-12 3.6864e-12 3.2327e-12 3.5875e-12 3.6334e-12 2.8605e-12 2.4223e-12 3.2191e-12 3.0582e-12
1.4854e-11 1.2799e-11 1.1053e-11 1.2784e-11 1.2214e-11 1.3437e-11 1.3042e-11 1.3787e-11 1.1677e-11 1.3661e-11 8.9709e-12 1.0342e-11 4.0576e-12 3.8077e-12 5.6796e-12 5.3373e-12 4.2548e-12 4.7631e-12 4.1002e-12 3.6748e-12 3.8047e-12 3.5503e-12 2.4554e-12 2.4759e-12
1.0531e-11 1.1854e-11 1.3309e-11 1.2252e-11 1.2495e-11 1.2451e-11 1.2645e-11 2.1737e-11 1.1377e-11 1.0517e-11 8.2974e-12 9.6113e-12 5.9441e-12 5.3387e-12 5.0255e-12 6.4047e-12 4.244e-12 4.1331e-12 4.5403e-12 4.133e-12 2.5895e-12 2.3795e-12 3.4714e-12 3.2759e-12
1.2675e-11 1.7101e-11 1.2635e-11 1.4361e-11 1.3345e-11 1.0333e-11 1.1246e-11 1.1805e-11 7.8877e-12 9.5533e-12 6.8266e-12 8.1106e-12 7.2546e-12 6.7907e-12 5.1242e-12 5.9349e-12 4.4311e-12 4.5454e-12 3.9238e-12 3.5381e-12 2.7156e-12 2.7692e-12 3.8583e-12 3.4705e-12
1.2845e-11 1.2698e-11 1.3465e-11 1.4949e-11 1.5247e-11 1.123e-11 1.2541e-11 1.1685e-11 4.767e-12 5.0967e-12 5.3339e-12 5.7e-12 7.5224e-12 7.4888e-12 7.7323e-12 7.9654e-12 4.1334e-12 3.9305e-12 3.6621e-12 3.739e-12 4.5806e-12 3.6157e-12 3.2741e-12 3.366e-12
1.6659e-11 1.1775e-11 1.202e-11 1.3084e-11 1.5074e-11 1.1983e-11 1.1978e-11 1.3025e-11 6.7629e-12 1.2417e-11 9.2351e-12 6.9128e-12 6.783e-12 5.7616e-12 5.1628e-12 5.9211e-12 5.0287e-12 4.4147e-12 4.1249e-12 4.3508e-12 2.2126e-12 3.1852e-12 2.8695e-12 3.3027e-12
1.8324e-11 1.2664e-11 1.3371e-11 1.4829e-11 1.1685e-11 1.1632e-11 1.4134e-11 1.0786e-11 1.5574e-11 1.1234e-11 7.5453e-12 1.0162e-11 7.6891e-12 4.7417e-12 4.6164e-12 4.1357e-12 4.5987e-12 4.4751e-12 3.9506e-12 3.4514e-12 4.5528e-12 2.3029e-12 2.4675e-12 2.4757e-12
1.4694e-11 1.5453e-11 1.2943e-11 1.0298e-11 1.4494e-11 1.071e-11 1.696e-11 1.3239e-11 1.0465e-11 1.2554e-11 1.189e-11 9.1459e-12 4.673e-12 5.2742e-12 4.6627e-12 4.6069e-12 3.8022e-12 3.9881e-12 4.6607e-12 3.2705e-12 4.113e-12 2.3457e-12 2.3391e-12 2.1535e-12
1.6555e-11 1.3474e-11 1.2878e-11 1.4276e-11 1.2185e-11 1.0363e-11 1.2577e-11 1.1895e-11 1.2497e-11 1.0257e-11 6.4433e-12 1.0373e-11 7.1516e-12 5.2309e-12 4.5851e-12 4.8203e-12 4.9737e-12 4.2275e-12 3.4293e-12 3.6886e-12 4.549e-12 2.4045e-12 2.429e-12 2.5729e-12
1.6736e-11 1.2753e-11 1.0967e-11 1.4048e-11 1.1719e-11 1.4546e-11 1.2318e-11 1.3581e-11 5.705e-12 1.2909e-11 1.0383e-11 6.8804e-12 8.1116e-12 5.0472e-12 5.0785e-12 5.1637e-12 5.0449e-12 3.5656e-12 3.801e-12 4.257e-12 2.1021e-12 3.6073e-12 3.2116e-12 3.2604e-12
1.4243e-11 1.2305e-11 1.2151e-11 1.2951e-11 1.225e-11 1.1669e-11 1.148e-11 1.2043e-11 8.6874e-12 1.116e-11 6.2501e-12 7.259e-12 7.3476e-12 7.552e-12 5.5221e-12 6.1123e-12 4.6408e-12 4.3333e-12 3.9856e-12 3.4713e-12 2.724e-12 2.8225e-12 3.867e-12 3.3753e-12
1.434e-11 1.1636e-11 1.3254e-11 1.5797e-11 1.0543e-11 1.2283e-11 1.5156e-11 1.1696e-11 1.5463e-11 1.2412e-11 7.3499e-12 1.0506e-11 6.7764e-12 5.5805e-12 4.5909e-12 4.6463e-12 5.8058e-12 4.3413e-12 5.0295e-12 4.0877e-12 3.7892e-12 2.2573e-12 2.4006e-12 2.5276e-12
2.3458e-11 1.9976e-11 1.4367e-11 1.4707e-11 1.647e-11 1.206e-11 1.1171e-11 1.3597e-11 5.7857e-12 1.3684e-11 1.7015e-11 8.3882e-12 8.952e-12 5.8189e-12 5.2729e-12 4.3347e-12 4.826e-12 4.498e-12 3.5115e-12 3.2733e-12 3.6832e-12 2.392e-12 2.2975e-12 2.5521e-12
3.6879e-11 1.5864e-11 1.4719e-11 1.5795e-11 1.279e-11 1.0067e-11 1.2824e-11 9.6589e-12 1.5845e-11 1.2344e-11 5.89e-12 8.5e-12 7.8737e-12 9.1938e-12 5.0721e-12 4.2934e-12 4.4663e-12 3.828e-12 5.5947e-12 3.2171e-12 3.2579e-12 2.3394e-12 2.3294e-12 1.9437e-12
2.6325e-11 1.4879e-11 1.4101e-11 1.288e-11 1.3873e-11 1.0289e-11 1.0587e-11 1.2155e-11 6.484e-12 1.5429e-11 1.5572e-11 8.0108e-12 9.4286e-12 7.0185e-12 5.7903e-12 4.5624e-12 4.7207e-12 4.7424e-12 3.7577e-12 3.3519e-12 3.7519e-12 2.3127e-12 2.2277e-12 2.255e-12
1.6175e-11 1.1973e-11 1.3384e-11 1.3141e-11 1.0807e-11 1.3101e-11 1.4625e-11 1.1811e-11 1.5391e-11 1.0075e-11 6.4598e-12 8.1845e-12 7.2418e-12 4.5571e-12 4.6669e-12 4.4298e-12 4.526e-12 4.2915e-12 4.2916e-12 3.7989e-12 4.2913e-12 2.3223e-12 2.5633e-12 2.7599e-12
1.1928e-11 1.0544e-11 1.3075e-11 1.2599e-11 1.3707e-11 1.3342e-11 1.2838e-11 1.3467e-11 1.299e-11 1.2649e-11 9.4618e-12 9.5016e-12 5.5846e-12 5.3664e-12 5.2067e-12 5.6707e-12 3.4252e-12 3.3241e-12 3.7744e-12 3.5943e-12 2.2611e-12 2.1842e-12 3.0313e-12 3.3544e-12
1.7111e-11 1.6224e-11 1.2315e-11 1.1841e-11 1.5009e-11 1.2715e-11 1.6914e-11 1.426e-11 8.7809e-12 1.4008e-11 1.3041e-11 8.2968e-12 4.4205e-12 5.2321e-12 5.6419e-12 4.6087e-12 3.4184e-12 4.8398e-12 4.3943e-12 2.8437e-12 3.8043e-12 2.5105e-12 2.3555e-12 2.3458e-12
3.1859e-11 1.6251e-11 1.485e-11 1.5416e-11 1.338e-11 1.0351e-11 1.3077e-11 9.5516e-12 1.4878e-11 1.5007e-11 6.6723e-12 7.024e-12 8.0919e-12 8.3434e-12 5.1626e-12 4.4268e-12 5.3703e-12 3.8524e-12 4.3968e-12 3.267e-12 3.1281e-12 2.6057e-12 2.1422e-12 2.2512e-12
5.0942e-11 4.2862e-11 3.7501e-11 1.4132e-11 1.1881e-11 1.3249e-11 9.1476e-12 8.3712e-12 7.1584e-12 6.3456e-12 1.4917e-11 1.7686e-11 8.4273e-12 7.6974e-12 3.8289e-12 4.0982e-12 4.3055e-12 5.467e-12 5.7113e-12 3.0235e-12 3.3507e-12 2.4725e-12 2.4587e-12 2.1487e-12
3.1987e-11 1.8801e-11 1.8856e-11 1.3937e-11 1.1496e-11 1.1031e-11 1.2195e-11 1.1585e-11 1.4754e-11 1.5395e-11 6.3272e-12 8.4571e-12 7.8175e-12 8.7467e-12 5.2495e-12 4.3221e-12 5.5437e-12 4.1115e-12 4.6607e-12 3.3517e-12 3.1676e-12 2.4288e-12 2.4037e-12 2.1101e-12
1.5527e-11 1.4889e-11 1.379e-11 1.2569e-11 1.4069e-11 1.1803e-11 1.3463e-11 1.246e-11 9.0831e-12 1.5041e-11 1.0688e-11 8.2212e-12 4.3522e-12 5.2722e-12 5.6182e-12 4.5558e-12 3.4327e-12 4.0756e-12 3.77e-12 3.0425e-12 3.7422e-12 2.6646e-12 2.2811e-12 2.2397e-12
1.253e-11 1.1977e-11 1.2813e-11 1.3631e-11 1.1934e-11 1.2121e-11 1.2238e-11 1.2216e-11 1.2863e-11 1.386e-11 9.6692e-12 9.1808e-12 3.8123e-12 3.8344e-12 5.8096e-12 4.7522e-12 4.2174e-12 3.6835e-12 4.4066e-12 3.6343e-12 3.4794e-12 3.5193e-12 2.4978e-12 2.5363e-12
1.8449e-11 1.4054e-11 1.2417e-11 1.5732e-11 1.2048e-11 1.1825e-11 1.2085e-11 1.0917e-11 1.4348e-11 1.122e-11 6.6165e-12 9.2535e-12 7.2102e-12 4.5805e-12 4.9536e-12 4.3944e-12 4.46e-12 4.3806e-12 3.6578e-12 4.3259e-12 4.1686e-12 2.13e-12 2.7453e-12 2.5331e-12
2.2646e-11 1.8098e-11 1.7139e-11 1.2297e-11 1.5348e-11 1.0901e-11 1.3726e-11 1.3351e-11 5.7121e-12 1.7324e-11 1.5081e-11 7.48e-12 8.0061e-12 6.9078e-12 5.2044e-12 3.6258e-12 4.3493e-12 4.7153e-12 3.8566e-12 3.0913e-12 3.3077e-12 2.4016e-12 2.3254e-12 1.9202e-12
3.5664e-11 1.7134e-11 1.9761e-11 1.2855e-11 1.2493e-11 1.0993e-11 1.4751e-11 1.0448e-11 1.5045e-11 1.6021e-11 7.9048e-12 8.2912e-12 7.5838e-12 7.3618e-12 5.3641e-12 5.2891e-12 5.1268e-12 4.2289e-12 5.0856e-12 3.6575e-12 3.7016e-12 2.5426e-12 2.3351e-12 2.062e-12
2.3866e-11 1.7795e-11 1.5026e-11 1.3858e-11 1.9522e-11 1.0848e-11 9.7062e-12 1.0718e-11 6.3501e-12 1.4085e-11 1.4391e-11 8.6941e-12 9.4668e-12 6.7139e-12 6.0393e-12 4.0003e-12 4.5638e-12 4.2904e-12 3.9459e-12 3.7641e-12 3.7116e-12 2.4448e-12 2.1857e-12 2.1895e-12
1.6413e-11 1.3244e-11 1.1865e-11 1.4016e-11 9.5826e-12 1.1221e-11 1.2439e-11 9.606e-12 1.6069e-11 1.1825e-11 7.9923e-12 1.0836e-11 6.6762e-12 4.7407e-12 4.8801e-12 3.8668e-12 4.4139e-12 4.5573e-12 3.8622e-12 4.0228e-12 3.9212e-12 2.382e-12 2.3869e-12 2.2301e-12
1.0873e-11 1.0496e-11 1.2692e-11 1.3318e-11 1.1502e-11 1.1405e-11 1.2485e-11 1.6271e-11 1.176e-11 1.1366e-11 8.7204e-12 8.9156e-12 5.774e-12 7.0683e-12 5.5357e-12 5.9862e-12 3.8872e-12 3.6184e-12 3.4522e-12 3.2786e-12 2.5038e-12 2.7085e-12 2.9509e-12 3.0482e-12
1.8546e-11 1.2878e-11 1.5222e-11 1.13e-11 1.4526e-11 1.1503e-11 1.2661e-11 1.3681e-11 6.0015e-12 1.2258e-11 9.8244e-12 8.5553e-12 8.0612e-12 5.8815e-12 5.9038e-12 6.013e-12 5.5215e-12 3.7629e-12 3.8406e-12 4.7714e-12 2.2275e-12 3.4582e-12 3.3388e-12 3.1811e-12
1.5727e-11 1.1119e-11 1.5797e-11 1.569e-11 1.0793e-11 1.2193e-11 1.1282e-11 1.0127e-11 1.512e-11 1.1662e-11 7.8398e-12 1.0616e-11 6.4788e-12 5.5888e-12 4.4877e-12 4.1395e-12 4.9234e-12 4.7761e-12 3.8719e-12 3.9126e-12 3.9689e-12 2.3808e-12 2.7988e-12 2.3378e-12
1.7652e-11 1.3516e-11 1.312e-11 1.094e-11 1.4211e-11 1.2429e-11 1.504e-11 1.3024e-11 8.8099e-12 1.506e-11 1.2529e-11 9.4408e-12 4.5545e-12 6.3375e-12 6.0392e-12 4.7724e-12 3.8885e-12 4.7176e-12 3.9661e-12 3.557e-12 3.3893e-12 2.6213e-12 2.2894e-12 2.422e-12
1.589e-11 1.3651e-11 1.3454e-11 1.4842e-11 1.0523e-11 1.1417e-11 1.1469e-11 1.191e-11 1.6925e-11 1.1603e-11 6.8903e-12 1.0108e-11 7.5807e-12 4.8054e-12 4.0524e-12 4.2491e-12 4.5341e-12 4.4182e-12 3.2819e-12 3.8012e-12 3.9122e-12 2.155e-12 2.877e-12 2.4266e-12
1.5966e-11 1.2888e-11 1.2667e-11 1.3648e-11 1.1703e-11 1.4824e-11 1.2003e-11 1.3392e-11 6.9524e-12 1.3253e-11 1.0331e-11 7.7191e-12 7.3059e-12 5.3518e-12 6.0586e-12 6.1731e-12 5.191e-12 4.2753e-12 3.7704e-12 4.2944e-12 2.2569e-12 3.1551e-12 3.1516e-12 3.6376e-12
1.3864e-11 1.5191e-11 1.3078e-11 1.2617e-11 1.1559e-11 1.1969e-11 1.2773e-11 1.4008e-11 8.6808e-12 8.2262e-12 7.2466e-12 7.8656e-12 8.2488e-12 7.6851e-12 6.2557e-12 5.4989e-12 4.0543e-12 4.0251e-12 3.9009e-12 3.959e-12 2.8298e-12 3.1162e-12 3.4867e-12 3.8396e-12
1.1933e-11 1.2861e-11 1.0094e-11 1.5143e-11 1.3416e-11 1.1636e-11 1.1537e-11 1.1757e-11 7.6878e-12 8.9891e-12 7.4706e-12 7.843e-12 6.8847e-12 7.333e-12 5.1608e-12 4.9559e-12 4.1052e-12 3.9256e-12 3.8238e-12 3.7083e-12 3.2656e-12 2.7821e-12 3.3374e-12 3.9483e-12
1.1701e-11 1.1655e-11 1.4172e-11 1.5603e-11 1.1795e-11 1.3166e-11 1.4201e-11 1.3158e-11 1.2954e-11 1.1413e-11 1.1136e-11 8.7227e-12 5.8763e-12 6.434e-12 5.6565e-12 6.2024e-12 3.4874e-12 3.3103e-12 4.1827e-12 3.5748e-12 2.7554e-12 2.2673e-12 3.2498e-12 2.9809e-12
1.2626e-11 1.2715e-11 1.1424e-11 1.4525e-11 1.2939e-11 1.1242e-11 1.44e-11 1.3554e-11 1.4885e-11 1.4494e-11 1.0442e-11 8.7532e-12 4.375e-12 3.7937e-12 5.1907e-12 5.9484e-12 4.1689e-12 4.2797e-12 3.3541e-12 3.6036e-12 3.7016e-12 3.3577e-12 2.3402e-12 2.4657e-12
1.1729e-11 1.2446e-11 1.2487e-11 1.272e-11 1.1439e-11 1.157e-11 1.4313e-11 1.3573e-11 1.4103e-11 1.2103e-11 1.0422e-11 8.199e-12 6.1984e-12 5.5868e-12 5.1965e-12 5.2613e-12 3.9799e-12 3.4339e-12 3.639e-12 3.5912e-12 2.6715e-12 2.4072e-12 2.9061e-12 2.8144e-12
1.4223e-11 1.3497e-11 1.1628e-11 1.1576e-11 1.1169e-11 1.1966e-11 1.3256e-11 1.1282e-11 8.8477e-12 8.3601e-12 7.8867e-12 7.0722e-12 7.089e-12 7.3469e-12 5.3326e-12 4.9057e-12 4.2505e-12 3.5916e-12 3.6197e-12 3.9562e-12 2.7485e-12 2.9876e-12 3.3225e-12 3.6456e-12
1.4015e-11 1.4498e-11 1.465e-11 1.481e-11 1.219e-11 1.1501e-11 1.1529e-11 1.0159e-11 6.0873e-12 5.6405e-12 5.2083e-12 5.7848e-12 7.6399e-12 9.696e-12 8.2613e-12 7.4508e-12 3.7365e-12 3.5644e-12 3.7412e-12 3.612e-12 3.7847e-12 3.0197e-12 3.6383e-12 3.2838e-12
1.739e-11 1.1912e-11 1.2362e-11 1.3247e-11 1.1557e-11 1.3342e-11 1.2603e-11 1.4277e-11 1.2161e-11 6.4441e-12 1.0979e-11 1.0607e-11 7.3699e-12 4.3346e-12 5.0307e-12 6.0894e-12 4.7524e-12 4.1354e-12 3.8056e-12 4.6142e-12 2.1319e-12 3.7353e-12 3.3271e-12 2.9788e-12
1.8468e-11 1.0495e-11 1.2614e-11 1.5278e-11 1.3043e-11 1.351e-11 1.3855e-11 1.3002e-11 1.3847e-11 1.2809e-11 6.3997e-12 1.1159e-11 7.4069e-12 4.8689e-12 3.9714e-12 4.2363e-12 5.2095e-12 4.7703e-12 4.1432e-12 3.9191e-12 4.612e-12 2.2647e-12 2.6962e-12 2.7112e-12
1.4078e-11 1.3384e-11 1.6075e-11 1.6571e-11 1.1048e-11 1.2624e-11 1.4605e-11 1.442e-11 1.2367e-11 1.4412e-11 1.0853e-11 7.8977e-12 5.7433e-12 4.635e-12 5.2176e-12 4.8808e-12 4.0372e-12 3.7723e-12 3.6478e-12 4.0905e-12 3.4714e-12 2.4263e-12 2.509e-12 2.4239e-12
1.8021e-11 1.1588e-11 1.5011e-11 1.254e-11 1.247e-11 1.593e-11 1.3726e-11 1.2334e-11 1.9208e-11 1.153e-11 6.1996e-12 1.1454e-11 6.4917e-12 4.9083e-12 4.3444e-12 4.2781e-12 4.8337e-12 4.858e-12 4.0283e-12 3.7387e-12 3.899e-12 2.3699e-12 2.7643e-12 2.4818e-12
1.5173e-11 1.1999e-11 1.2949e-11 1.3162e-11 1.3663e-11 1.0808e-11 1.3361e-11 1.2715e-11 1.1137e-11 7.1493e-12 1.0695e-11 8.4428e-12 7.1727e-12 5.5391e-12 5.0251e-12 5.3527e-12 6.271e-12 4.0101e-12 3.686e-12 4.4852e-12 2.3711e-12 3.1099e-12 2.7584e-12 2.7073e-12
1.2482e-11 1.2728e-11 1.2777e-11 1.2848e-11 1.4668e-11 1.1715e-11 1.1433e-11 1.2382e-11 1.0535e-11 7.4829e-12 7.7699e-12 6.5666e-12 6.1682e-12 6.8574e-12 5.112e-12 4.9449e-12 3.3401e-12 3.4367e-12 3.5234e-12 3.1427e-12 2.839e-12 3.0153e-12 3.4357e-12 3.225e-12
1.8831e-11 1.0164e-11 1.6795e-11 1.686e-11 1.1925e-11 1.1522e-11 1.3698e-11 1.1716e-11 1.4283e-11 1.0219e-11 8.0012e-12 9.024e-12 6.984e-12 4.596e-12 4.1462e-12 3.9124e-12 3.9969e-12 5.1255e-12 3.7848e-12 3.4362e-12 4.328e-12 2.231e-12 2.5387e-12 2.6342e-12
2.5778e-11 1.6859e-11 1.5213e-11 1.1408e-11 1.6071e-11 1.1086e-11 1.1889e-11 1.4057e-11 7.3614e-12 1.176e-11 1.4173e-11 6.6631e-12 8.2448e-12 4.793e-12 6.7006e-12 4.1965e-12 4.5928e-12 4.8274e-12 3.7801e-12 3.2221e-12 3.5282e-12 2.5429e-12 2.3314e-12 2.3017e-12
3.0862e-11 2.4493e-11 2.4797e-11 1.558e-11 1.2892e-11 8.8091e-12 9.0285e-12 1.1989e-11 1.4998e-11 1.5411e-11 5.6652e-12 7.9635e-12 8.6491e-12 8.6207e-12 5.0799e-12 4.4298e-12 4.2891e-12 5.5909e-12 5.0612e-12 3.5173e-12 3.0797e-12 2.398e-12 2.3891e-12 1.9681e-12
2.3124e-11 1.5821e-11 1.6328e-11 1.2728e-11 1.4538e-11 1.196e-11 1.0176e-11 1.4139e-11 6.6093e-12 1.4706e-11 1.5896e-11 8.0202e-12 8.2001e-12 4.8218e-12 5.5925e-12 3.9804e-12 5.2287e-12 4.5788e-12 3.6995e-12 3.0819e-12 3.4124e-12 2.362e-12 2.3271e-12 2.472e-12
1.7443e-11 1.147e-11 1.3353e-11 1.7503e-11 1.0091e-11 1.0068e-11 1.4111e-11 1.3256e-11 1.5205e-11 1.0117e-11 7.5022e-12 9.7145e-12 7.709e-12 5.7395e-12 4.1879e-12 3.8318e-12 4.813e-12 4.5654e-12 3.9206e-12 3.5227e-12 4.1187e-12 2.1959e-12 2.772e-12 2.5796e-12
1.111e-11 1.3333e-11 1.2074e-11 1.4539e-11 1.1624e-11 1.1887e-11 1.3574e-11 1.1624e-11 1.281e-11 1.2174e-11 9.112e-12 9.3514e-12 6.3705e-12 6.2851e-12 4.7717e-12 5.3658e-12 4.1345e-12 3.59e-12 3.5257e-12 3.4432e-12 2.3374e-12 2.2591e-12 3.5427e-12 3.3451e-12
1.3626e-11 1.4205e-11 1.603e-11 1.6816e-11 1.0658e-11 1.4373e-11 1.4563e-11 1.2546e-11 9.3293e-12 1.3491e-11 1.2802e-11 9.9491e-12 6.1461e-12 5.2473e-12 4.1662e-12 4.3549e-12 4.9709e-12 3.3701e-12 3.1346e-12 3.9588e-12 3.9792e-12 2.9454e-12 2.7013e-12 2.3903e-12
3.3964e-11 1.9896e-11 2.4609e-11 1.4704e-11 1.1814e-11 1.1234e-11 9.8053e-12 1.1234e-11 1.7023e-11 1.9747e-11 5.9958e-12 7.469e-12 7.3483e-12 8.9731e-12 4.4124e-12 4.4044e-12 4.6776e-12 5.0001e-12 5.0988e-12 3.3164e-12 3.1887e-12 2.3933e-12 2.1711e-12 2.046e-12
1.4131e-10 1.3816e-10 1.6458e-10 1.3083e-11 1.4825e-11 8.2344e-12 9.2853e-12 5.0288e-12 5.5827e-12 1.2837e-11 1.5518e-11 1.6461e-11 8.7659e-12 7.485e-12 4.6962e-12 4.3026e-12 4.0844e-12 4.8107e-12 5.0571e-12 2.753e-12 2.8173e-12 2.241e-12 2.296e-12 2.0664e-12
3.3677e-11 1.8632e-11 2.5087e-11 1.6124e-11 1.6998e-11 1.0136e-11 1.029e-11 1.1122e-11 1.5177e-11 1.4027e-11 6.6479e-12 8.9647e-12 7.5952e-12 8.6876e-12 5.198e-12 3.8265e-12 4.9386e-12 4.5824e-12 6.7526e-12 3.4269e-12 3.2172e-12 2.3025e-12 2.3253e-12 2.4001e-12
1.787e-11 1.4976e-11 1.5681e-11 1.7659e-11 1.069e-11 1.5428e-11 1.5592e-11 1.1441e-11 1.3303e-11 1.3089e-11 1.1565e-11 1.0242e-11 5.8458e-12 4.072e-12 5.7796e-12 4.4653e-12 4.9253e-12 3.4024e-12 3.3373e-12 4.0121e-12 3.5715e-12 2.671e-12 2.6913e-12 2.5474e-12
1.0994e-11 1.273e-11 1.3064e-11 1.2944e-11 1.137e-11 1.248e-11 1.3825e-11 1.264e-11 1.6134e-11 1.5487e-11 1.1523e-11 8.8723e-12 4.9962e-12 4.6645e-12 5.3169e-12 6.0069e-12 4.218e-12 4.1354e-12 3.7778e-12 3.7144e-12 3.6014e-12 3.5573e-12 2.3648e-12 2.4821e-12
1.4882e-11 1.05e-11 1.1972e-11 1.2319e-11 1.0565e-11 1.1668e-11 1.3443e-11 1.2439e-11 1.5086e-11 1.0577e-11 7.5811e-12 9.5533e-12 6.1888e-12 4.9159e-12 4.2974e-12 3.9745e-12 4.9113e-12 4.6758e-12 4.045e-12 3.7019e-12 3.7505e-12 2.4307e-12 2.5745e-12 2.4177e-12
2.8936e-11 1.8262e-11 1.5155e-11 1.4419e-11 1.2458e-11 1.0973e-11 1.0128e-11 1.5204e-11 6.4283e-12 1.5405e-11 1.3477e-11 7.997e-12 7.2773e-12 7.1351e-12 6.6808e-12 4.0487e-12 4.6737e-12 5.2358e-12 3.4119e-12 3.2096e-12 3.4332e-12 2.4786e-12 2.3345e-12 2.2789e-12
3.3088e-11 2.4367e-11 2.4129e-11 1.3076e-11 1.5022e-11 1.1218e-11 1.0425e-11 1.1209e-11 1.5141e-11 1.5138e-11 6.1953e-12 7.3929e-12 7.4092e-12 8.4352e-12 4.7224e-12 4.0476e-12 4.9815e-12 4.5818e-12 5.5009e-12 3.2792e-12 2.7537e-12 2.5032e-12 1.9987e-12 2.0522e-12
2.4116e-11 1.856e-11 1.8281e-11 1.3161e-11 1.3698e-11 1.1975e-11 1.1854e-11 1.3241e-11 5.5325e-12 1.8915e-11 1.4821e-11 8.2154e-12 7.9106e-12 6.5183e-12 6.2378e-12 3.941e-12 5.6828e-12 4.7948e-12 3.3388e-12 3.3976e-12 3.0701e-12 2.5159e-12 2.2467e-12 2.1754e-12
1.5881e-11 1.1435e-11 1.5335e-11 1.4232e-11 1.3241e-11 1.3203e-11 1.1518e-11 1.1737e-11 1.657e-11 1.1096e-11 7.3111e-12 8.3904e-12 7.8477e-12 5.5685e-12 4.5769e-12 4.3307e-12 4.9503e-12 4.6202e-12 4.4692e-12 3.6819e-12 4.2634e-12 2.1629e-12 2.3045e-12 2.6385e-12
1.4399e-11 1.3026e-11 1.1708e-11 1.4493e-11 1.2231e-11 1.3738e-11 1.5183e-11 1.172e-11 1.1417e-11 1.1908e-11 9.9591e-12 1.0206e-11 4.914e-12 6.4967e-12 5.4314e-12 5.2393e-12 3.4814e-12 4.2021e-12 3.0272e-12 3.4159e-12 2.271e-12 2.2152e-12 3.4425e-12 3.1746e-12
1.8359e-11 1.1853e-11 1.5177e-11 1.5251e-11 1.2686e-11 1.2948e-11 1.4224e-11 1.1127e-11 9.8577e-12 6.1873e-12 1.1636e-11 9.4108e-12 7.9083e-12 5.2677e-12 6.0606e-12 6.0472e-12 4.8493e-12 3.527e-12 3.4779e-12 4.6042e-12 2.0171e-12 3.2373e-12 3.3258e-12 2.6e-12
1.728e-11 1.0233e-11 1.2373e-11 1.4224e-11 1.135e-11 1.2263e-11 1.2332e-11 1.4276e-11 1.4158e-11 1.1576e-11 7.4452e-12 9.5706e-12 7.1168e-12 5.3082e-12 4.0779e-12 3.5881e-12 4.4492e-12 4.6709e-12 3.9136e-12 3.2491e-12 4.3051e-12 2.4492e-12 2.487e-12 2.6492e-12
1.4497e-11 1.3478e-11 1.535e-11 1.7043e-11 1.2237e-11 1.2943e-11 1.5589e-11 1.2262e-11 1.2259e-11 1.4538e-11 1.0812e-11 8.1752e-12 6.9661e-12 4.1267e-12 5.2098e-12 5.1675e-12 4.3316e-12 3.6828e-12 3.2228e-12 3.8715e-12 3.6544e-12 2.3273e-12 2.3758e-12 2.3473e-12
1.795e-11 1.2369e-11 1.5786e-11 1.4098e-11 1.1116e-11 1.4079e-11 1.2735e-11 1.0687e-11 1.6383e-11 1.0956e-11 6.8127e-12 1.0066e-11 7.0297e-12 5.9674e-12 4.4576e-12 4.0452e-12 4.8411e-12 4.5788e-12 3.8563e-12 3.6352e-12 4.0477e-12 2.3558e-12 2.7507e-12 2.529e-12
1.6868e-11 1.0801e-11 1.4037e-11 1.349e-11 1.2624e-11 1.1889e-11 1.2955e-11 1.3123e-11 1.1476e-11 6.3614e-12 1.2117e-11 9.1038e-12 8.3125e-12 6.0419e-12 6.3847e-12 6.55e-12 5.4979e-12 4.5578e-12 4.2062e-12 3.7389e-12 2.139e-12 3.5538e-12 3.342e-12 3.0112e-12
1.4086e-11 1.3649e-11 1.063e-11 1.203e-11 1.467e-11 1.3519e-11 1.2804e-11 1.2726e-11 8.9164e-12 9.5951e-12 6.2946e-12 6.2769e-12 7.5802e-12 7.5226e-12 5.1522e-12 5.2026e-12 3.7802e-12 3.2358e-12 3.485e-12 3.6205e-12 2.6582e-12 2.5805e-12 3.6058e-12 3.2443e-12
1.3921e-11 1.3842e-11 1.3718e-11 1.2843e-11 1.352e-11 1.3955e-11 1.1023e-11 1.3796e-11 8.3139e-12 9.899e-12 6.0074e-12 7.0382e-12 7.2917e-12 5.7929e-12 5.4335e-12 5.4148e-12 3.378e-12 3.5569e-12 3.9041e-12 3.7316e-12 2.7786e-12 2.7806e-12 3.7743e-12 3.1658e-12
1.0628e-11 1.0819e-11 1.4238e-11 1.2797e-11 1.2511e-11 1.1888e-11 1.4541e-11 1.3436e-11 1.1889e-11 1.1058e-11 8.7548e-12 8.891e-12 6.209e-12 6.575e-12 5.3492e-12 5.788e-12 3.7412e-12 3.6451e-12 4.2825e-12 3.9234e-12 2.3718e-12 2.4519e-12 3.3227e-12 2.8481e-12
1.226e-11 1.1827e-11 1.3289e-11 1.363e-11 1.4025e-11 1.3231e-11 1.1752e-11 1.3504e-11 1.4097e-11 1.3924e-11 9.1407e-12 1.1076e-11 4.9243e-12 5.3344e-12 5.9459e-12 5.6614e-12 4.2496e-12 3.7161e-12 4.0065e-12 4.0848e-12 3.6606e-12 3.6491e-12 2.7368e-12 2.7397e-12
1.268e-11 1.2332e-11 1.1821e-11 1.291e-11 1.321e-11 1.2162e-11 1.2544e-11 1.3325e-11 1.4527e-11 1.1911e-11 9.5871e-12 7.7997e-12 6.079e-12 5.236e-12 6.0937e-12 5.4018e-12 3.691e-12 3.3309e-12 3.5937e-12 3.3042e-12 2.3126e-12 2.3943e-12 3.4558e-12 3.0824e-12
1.4916e-11 1.537e-11 1.0891e-11 1.3142e-11 1.0181e-11 1.1346e-11 1.0886e-11 1.1521e-11 9.0304e-12 8.0408e-12 5.6127e-12 6.3314e-12 7.5149e-12 7.007e-12 5.7445e-12 5.2069e-12 3.7887e-12 3.6475e-12 3.1869e-12 3.91e-12 2.8755e-12 3.0666e-12 3.3277e-12 3.6061e-12
1.3999e-11 1.4056e-11 1.3063e-11 1.1685e-11 1.0435e-11 1.222e-11 1.3947e-11 1.1205e-11 5.7865e-12 5.4922e-12 6.2824e-12 5.5064e-12 8.0339e-12 7.1883e-12 7.7195e-12 6.448e-12 3.7468e-12 3.4442e-12 3.8662e-12 3.6927e-12 3.388e-12 3.4921e-12 3.2627e-12 3.843e-12
1.686e-11 1.2164e-11 1.363e-11 1.3442e-11 1.1884e-11 1.2734e-11 1.2709e-11 1.4236e-11 1.0412e-11 5.9296e-12 9.4904e-12 6.838e-12 8.3261e-12 5.3671e-12 5.4701e-12 5.534e-12 4.6926e-12 4.3743e-12 4.099e-12 4.2718e-12 2.3417e-12 3.3658e-12 3.1864e-12 3.3525e-12
1.6533e-11 1.0948e-11 1.4784e-11 1.3628e-11 1.1753e-11 1.1978e-11 1.1127e-11 1.2531e-11 1.5141e-11 1.1143e-11 7.6507e-12 9.4265e-12 6.7152e-12 5.5185e-12 4.5362e-12 4.0161e-12 3.9027e-12 4.4493e-12 4.2167e-12 3.6346e-12 3.5389e-12 2.1931e-12 2.6701e-12 2.2516e-12
1.202e-11 1.1636e-11 1.4725e-11 1.3751e-11 1.0867e-11 1.5154e-11 1.2994e-11 1.1609e-11 1.582e-11 1.2646e-11 1.3367e-11 8.1848e-12 5.5817e-12 4.4534e-12 5.4304e-12 5.6195e-12 4.2757e-12 3.2044e-12 3.8872e-12 3.9729e-12 4.1689e-12 2.7944e-12 2.4018e-12 2.3332e-12
1.7825e-11 1.2207e-11 1.563e-11 1.7662e-11 1.1306e-11 1.5504e-11 1.0933e-11 1.3899e-11 1.6486e-11 1.2369e-11 7.6807e-12 1.0626e-11 7.0699e-12 5.5927e-12 3.7641e-12 4.4111e-12 4.1573e-12 5.1525e-12 3.8648e-12 3.9847e-12 4.7397e-12 2.5368e-12 3.0464e-12 2.4928e-12
1.8574e-11 1.1494e-11 1.2821e-11 1.7689e-11 1.2245e-11 1.0364e-11 1.5302e-11 1.3585e-11 1.1146e-11 5.4048e-12 9.2132e-12 7.8254e-12 8.0963e-12 5.4543e-12 6.2128e-12 5.8735e-12 4.8588e-12 3.7967e-12 3.7885e-12 3.7991e-12 2.1375e-12 3.4952e-12 3.0537e-12 3.2911e-12
1.3036e-11 1.3388e-11 1.3376e-11 1.4764e-11 1.2023e-11 1.4669e-11 1.2e-11 1.6813e-11 1.0304e-11 9.5071e-12 5.7263e-12 6.106e-12 6.8434e-12 5.9569e-12 5.5987e-12 5.183e-12 3.1945e-12 4.0592e-12 3.5301e-12 3.1787e-12 3.0864e-12 2.8786e-12 3.866e-12 3.2765e-12
1.8413e-11 1.2437e-11 1.3898e-11 1.4744e-11 1.3184e-11 1.1855e-11 1.4961e-11 1.5932e-11 1.5504e-11 1.2241e-11 7.4343e-12 9.6248e-12 6.6144e-12 5.1067e-12 3.7008e-12 3.9785e-12 4.2164e-12 4.425e-12 3.706e-12 3.6281e-12 4.017e-12 2.2861e-12 2.4964e-12 2.3479e-12
3.1524e-11 1.5124e-11 1.3981e-11 1.4898e-11 1.6929e-11 1.0181e-11 1.0885e-11 1.5123e-11 5.7921e-12 1.1483e-11 1.5407e-11 7.3962e-12 7.2393e-12 6.4743e-12 6.6751e-12 3.9776e-12 5.4462e-12 5.3437e-12 3.8363e-12 3.4788e-12 3.4785e-12 2.409e-12 2.3294e-12 2.2395e-12
2.7837e-11 2.3762e-11 3.5039e-11 1.4427e-11 1.1503e-11 9.423e-12 9.8633e-12 1.078e-11 1.4467e-11 1.2124e-11 5.3333e-12 8.6959e-12 8.785e-12 8.0035e-12 5.6338e-12 4.8359e-12 4.4767e-12 5.2296e-12 6.0744e-12 3.4167e-12 3.0522e-12 2.3492e-12 2.318e-12 2.1793e-12
3.6623e-11 1.584e-11 1.5384e-11 1.3581e-11 1.2811e-11 1.2914e-11 1.1097e-11 1.5921e-11 5.4844e-12 1.5156e-11 1.4005e-11 7.9524e-12 8.5211e-12 5.0847e-12 7.4205e-12 3.9636e-12 4.2509e-12 5.0363e-12 3.6806e-12 3.1405e-12 3.4727e-12 2.3889e-12 2.3322e-12 2.1878e-12
1.8903e-11 1.0009e-11 1.4203e-11 1.3575e-11 8.6933e-12 1.2192e-11 1.2617e-11 1.1316e-11 1.3787e-11 1.0813e-11 8.2664e-12 9.5728e-12 6.1641e-12 4.7562e-12 3.9248e-12 3.7966e-12 4.335e-12 4.5453e-12 3.6666e-12 3.8063e-12 4.4804e-12 2.1169e-12 2.5311e-12 2.3994e-12
1.379e-11 1.4428e-11 1.0192e-11 1.1669e-11 1.2165e-11 1.1764e-11 1.3512e-11 1.2408e-11 1.109e-11 1.0391e-11 8.0876e-12 8.825e-12 6.4913e-12 6.3224e-12 5.6783e-12 5.0923e-12 3.2668e-12 3.4498e-12 3.8552e-12 3.5248e-12 2.5918e-12 2.3193e-12 3.3673e-12 3.3666e-12
1.4881e-11 1.341e-11 1.7573e-11 1.4599e-11 1.0796e-11 1.2317e-11 1.2926e-11 1.0367e-11 1.3925e-11 1.5538e-11 1.2304e-11 7.9169e-12 6.7113e-12 4.1934e-12 5.1742e-12 4.7882e-12 4.4138e-12 3.4106e-12 3.3972e-12 4.2257e-12 3.6814e-12 2.8164e-12 2.4986e-12 2.769e-12
2.4033e-11 2.2568e-11 3.469e-11 1.5574e-11 1.5172e-11 1.0133e-11 9.6392e-12 1.1084e-11 1.4854e-11 1.4072e-11 5.0504e-12 9.7266e-12 7.1059e-12 8.7509e-12 4.9421e-12 3.9022e-12 4.5084e-12 5.1024e-12 5.2802e-12 3.3326e-12 3.4514e-12 2.5689e-12 2.0821e-12 2.3087e-12
4.9448e-12 4.7214e-12 4.937e-12 1.376e-11 1.4228e-11 9.5601e-12 8.3857e-12 4.7235e-12 4.8954e-12 1.4427e-11 1.4668e-11 1.5104e-11 8.6778e-12 7.2114e-12 5.2864e-12 3.9625e-12 3.7964e-12 4.9237e-12 4.1401e-12 2.8794e-12 2.917e-12 2.2793e-12 2.0556e-12 2.1582e-12
2.7093e-11 2.3001e-11 3.6892e-11 1.249e-11 1.4439e-11 9.4389e-12 1.1009e-11 1.1973e-11 1.2357e-11 1.7458e-11 5.4623e-12 8.1522e-12 7.259e-12 8.0411e-12 4.8659e-12 3.8666e-12 4.1958e-12 5.0394e-12 6.1063e-12 3.6269e-12 3.334e-12 2.3549e-12 2.156e-12 2.1677e-12
1.4567e-11 1.1503e-11 1.5976e-11 1.4672e-11 9.155e-12 1.2668e-11 1.1899e-11 1.3174e-11 1.5454e-11 1.3056e-11 1.1495e-11 7.778e-12 6.5721e-12 3.9058e-12 5.5131e-12 4.5648e-12 4.5736e-12 2.6599e-12 3.3621e-12 3.9202e-12 4.7639e-12 2.4191e-12 2.2576e-12 2.4174e-12
9.5926e-12 1.0942e-11 1.2661e-11 1.3136e-11 1.1934e-11 1.1206e-11 1.1868e-11 1.3338e-11 1.6351e-11 1.3486e-11 1.2273e-11 1.0766e-11 4.5341e-12 4.6447e-12 5.401e-12 5.1121e-12 3.6144e-12 3.4478e-12 3.7699e-12 3.6434e-12 3.234e-12 3.4128e-12 2.4752e-12 2.4635e-12
1.7752e-11 1.1022e-11 1.2244e-11 1.5463e-11 1.1468e-11 1.1073e-11 1.2852e-11 1.6644e-11 1.7452e-11 1.0979e-11 6.794e-12 9.4251e-12 7.1447e-12 5.1515e-12 4.318e-12 3.6986e-12 4.0367e-12 4.426e-12 3.8622e-12 3.5976e-12 3.9155e-12 2.3824e-12 2.4332e-12 2.7873e-12
3.636e-11 1.3744e-11 1.8228e-11 1.3446e-11 1.4842e-11 1.0607e-11 1.1477e-11 1.0889e-11 6.7613e-12 1.5272e-11 1.4813e-11 7.874e-12 7.7935e-12 5.034e-12 5.7454e-12 4.4466e-12 4.7104e-12 5.7317e-12 3.1756e-12 3.8134e-12 3.3517e-12 2.295e-12 2.3538e-12 2.3214e-12
2.4772e-11 2.5439e-11 3.4325e-11 1.3441e-11 1.3542e-11 1.0495e-11 9.939e-12 9.7314e-12 1.7869e-11 1.5122e-11 6.4003e-12 8.5534e-12 7.9352e-12 8.5123e-12 4.8797e-12 4.0634e-12 4.663e-12 4.5052e-12 5.4181e-12 4.2322e-12 2.7684e-12 2.3371e-12 2.2314e-12 2.1397e-12
4.2931e-11 1.3611e-11 2.0029e-11 1.4283e-11 1.3114e-11 1.2133e-11 1.1128e-11 1.3486e-11 6.7671e-12 1.355e-11 1.4216e-11 6.9529e-12 6.8607e-12 6.1458e-12 6.7783e-12 3.9352e-12 5.5302e-12 5.5359e-12 3.3087e-12 3.5818e-12 3.1267e-12 2.5724e-12 2.4344e-12 2.3752e-12
1.6038e-11 1.0724e-11 1.4964e-11 1.4547e-11 1.0746e-11 1.2261e-11 1.0713e-11 1.5319e-11 1.4786e-11 1.1282e-11 6.9575e-12 1.0667e-11 8.4514e-12 6.0661e-12 4.0554e-12 4.168e-12 3.6863e-12 4.7345e-12 3.4849e-12 3.9099e-12 4.2582e-12 2.5344e-12 2.4532e-12 2.5418e-12
1.3904e-11 1.345e-11 1.1943e-11 1.1982e-11 1.323e-11 1.193e-11 1.4165e-11 1.2784e-11 1.1829e-11 1.1609e-11 8.5542e-12 8.9111e-12 8.4171e-12 6.1098e-12 6.0596e-12 5.381e-12 4.1376e-12 3.2998e-12 3.0959e-12 3.2343e-12 2.5946e-12 2.5772e-12 3.8626e-12 3.1858e-12
1.4894e-11 1.0622e-11 1.3301e-11 1.5078e-11 1.2839e-11 1.2033e-11 1.2026e-11 1.2002e-11 1.0144e-11 5.4583e-12 9.2951e-12 8.1797e-12 7.9731e-12 5.4767e-12 5.5821e-12 6.588e-12 5.1687e-12 3.4311e-12 3.668e-12 4.1903e-12 2.1258e-12 3.5498e-12 3.3797e-12 2.8172e-12
1.9144e-11 1.0342e-11 1.2509e-11 1.353e-11 1.1843e-11 1.2733e-11 1.46e-11 1.2154e-11 1.5043e-11 1.2047e-11 6.8239e-12 1.0437e-11 6.5648e-12 5.0158e-12 4.4916e-12 3.9985e-12 4.6168e-12 5.4509e-12 3.737e-12 4.0571e-12 4.2101e-12 2.1815e-12 2.5486e-12 2.0588e-12
1.3479e-11 1.1873e-11 1.8568e-11 1.3364e-11 9.9983e-12 1.5714e-11 1.3916e-11 1.3376e-11 1.4683e-11 1.3241e-11 1.2757e-11 9.0382e-12 5.3468e-12 4.3771e-12 5.3857e-12 5.086e-12 4.1573e-12 3.2269e-12 3.4535e-12 4.2501e-12 3.586e-12 2.4352e-12 2.5175e-12 2.6107e-12
1.6919e-11 1.1323e-11 1.559e-11 1.5164e-11 1.0096e-11 1.2408e-11 1.2897e-11 1.1946e-11 1.5839e-11 1.3453e-11 6.3258e-12 1.1245e-11 7.1434e-12 5.1185e-12 4.5573e-12 3.5789e-12 3.772e-12 4.9228e-12 3.772e-12 3.6487e-12 4.6593e-12 2.4269e-12 2.4729e-12 2.4981e-12
1.6387e-11 1.1584e-11 1.3495e-11 1.613e-11 1.0701e-11 1.2705e-11 1.4224e-11 1.3897e-11 1.2341e-11 7.1423e-12 1.0171e-11 6.2406e-12 7.5073e-12 5.516e-12 5.353e-12 6.0763e-12 4.9466e-12 3.6426e-12 4.0542e-12 3.9879e-12 2.1744e-12 3.2107e-12 2.7453e-12 2.956e-12
1.4529e-11 1.3852e-11 1.3737e-11 1.2359e-11 1.3146e-11 1.2228e-11 1.1898e-11 1.2822e-11 9.474e-12 1.0316e-11 6.6011e-12 6.108e-12 5.9416e-12 6.0858e-12 5.9909e-12 5.4291e-12 3.3511e-12 3.3606e-12 4.3598e-12 3.8029e-12 3.0316e-12 3.2644e-12 3.5874e-12 4.0258e-12
1.302e-11 1.4183e-11 1.4109e-11 1.2823e-11 1.4115e-11 1.3235e-11 1.0325e-11 1.2249e-11 1.1415e-11 1.0987e-11 6.0981e-12 5.7649e-12 6.2701e-12 6.3896e-12 5.4996e-12 5.747e-12 3.6387e-12 3.6429e-12 3.1864e-12 3.8813e-12 3.0259e-12 2.9952e-12 3.6447e-12 3.8545e-12
1.3073e-11 1.3014e-11 1.379e-11 1.1287e-11 1.2628e-11 1.2832e-11 1.3098e-11 1.302e-11 1.2164e-11 1.132e-11 9.5642e-12 8.1698e-12 5.7224e-12 7.5002e-12 4.8133e-12 4.9895e-12 3.7768e-12 3.9873e-12 2.9859e-12 3.5104e-12 2.4769e-12 2.429e-12 3.4741e-12 3.0522e-12
1.1776e-11 1.1599e-11 1.2298e-11 1.2993e-11 1.1596e-11 1.1599e-11 1.2175e-11 1.1519e-11 1.4412e-11 1.3109e-11 1.0128e-11 9.7512e-12 5.3021e-12 4.8638e-12 5.2485e-12 5.4046e-12 4.1605e-12 3.801e-12 3.703e-12 3.808e-12 3.4575e-12 3.5227e-12 2.287e-12 2.4871e-12
1.3211e-11 1.4616e-11 1.1383e-11 1.2241e-11 1.0878e-11 1.27e-11 1.5164e-11 1.3659e-11 1.2749e-11 1.0112e-11 8.6874e-12 8.8075e-12 5.8728e-12 6.0049e-12 5.0371e-12 5.1443e-12 3.3531e-12 3.3263e-12 2.9604e-12 3.2081e-12 2.3617e-12 2.3012e-12 3.3344e-12 3.0024e-12
1.3543e-11 1.4316e-11 1.3356e-11 1.3164e-11 1.1592e-11 1.3839e-11 1.2304e-11 1.1558e-11 8.6848e-12 1.1062e-11 5.6325e-12 5.8445e-12 6.6889e-12 7.7313e-12 5.0761e-12 6.0945e-12 3.5477e-12 3.2924e-12 3.704e-12 3.3681e-12 2.8056e-12 2.8393e-12 3.5913e-12 4.1036e-12
1.2279e-11 1.503e-11 1.2657e-11 1.2506e-11 1.0456e-11 1.024e-11 1.0866e-11 1.1504e-11 5.1678e-12 5.1336e-12 5.5478e-12 5.88e-12 6.9522e-12 6.6234e-12 6.8111e-12 7.3088e-12 3.1241e-12 3.2831e-12 3.757e-12 3.1398e-12 3.2992e-12 3.1267e-12 3.0962e-12 3.0792e-12
1.8359e-11 1.1853e-11 1.5177e-11 1.5251e-11 1.2686e-11 1.2948e-11 1.4224e-11 1.1127e-11 9.8577e-12 6.1873e-12 1.1636e-11 9.4108e-12 7.9083e-12 5.2677e-12 6.0606e-12 6.0472e-12 4.8493e-12 3.527e-12 3.4779e-12 4.6042e-12 2.0171e-12 3.2373e-12 3.3258e-12 2.6e-12
1.5268e-11 1.1044e-11 1.3429e-11 1.5857e-11 1.1243e-11 1.3258e-11 1.3026e-11 1.4226e-11 1.4864e-11 1.0895e-11 7.0863e-12 1.0172e-11 7.181e-12 6.3558e-12 4.4893e-12 3.8843e-12 4.3646e-12 4.2126e-12 4.2841e-12 3.975e-12 3.6966e-12 2.4557e-12 2.4738e-12 2.6024e-12
1.4938e-11 1.3663e-11 1.7381e-11 1.1678e-11 1.252e-11 1.3145e-11 1.4533e-11 1.1605e-11 1.1367e-11 1.4e-11 1.1445e-11 8.5539e-12 5.8592e-12 5.1985e-12 4.3416e-12 4.6421e-12 4.1828e-12 3.4506e-12 3.2339e-12 3.597e-12 3.3384e-12 2.6418e-12 2.1026e-12 2.477e-12
1.9872e-11 1.1414e-11 1.2587e-11 1.5702e-11 1.0859e-11 1.4144e-11 1.4834e-11 1.3475e-11 1.7001e-11 1.2012e-11 6.6674e-12 1.0515e-11 7.0224e-12 5.6874e-12 3.986e-12 3.9589e-12 4.5365e-12 4.3559e-12 3.8652e-12 3.7611e-12 3.5806e-12 2.4457e-12 2.5083e-12 2.3859e-12
1.7286e-11 1.0001e-11 1.4546e-11 1.2045e-11 1.1701e-11 1.1338e-11 1.2653e-11 1.1784e-11 1.2664e-11 6.007e-12 1.0555e-11 8.2676e-12 6.3559e-12 5.3684e-12 5.2495e-12 6.4088e-12 5.7012e-12 3.6398e-12 3.701e-12 4.7001e-12 2.19e-12 3.4863e-12 3.1082e-12 3.1302e-12
1.244e-11 1.3155e-11 1.2436e-11 1.4131e-11 1.2803e-11 1.4025e-11 1.315e-11 9.7281e-12 1.0203e-11 8.218e-12 6.2851e-12 6.3036e-12 7.7309e-12 6.5381e-12 5.501e-12 5.5649e-12 3.1246e-12 3.5856e-12 3.5542e-12 3.727e-12 2.8239e-12 2.5541e-12 3.4853e-12 3.5298e-12
1.9818e-11 1.1265e-11 1.4267e-11 1.4098e-11 1.0149e-11 1.1646e-11 1.3275e-11 1.2072e-11 1.4963e-11 1.4353e-11 7.2938e-12 9.801e-12 7.1378e-12 4.8096e-12 4.3863e-12 3.8075e-12 4.8799e-12 4.8823e-12 4.2369e-12 4.0318e-12 3.7354e-12 2.1336e-12 2.3495e-12 2.3866e-12
3.0697e-11 1.5822e-11 1.5562e-11 1.4985e-11 1.3627e-11 1.0988e-11 1.106e-11 1.4367e-11 6.5051e-12 1.3596e-11 1.5818e-11 9.4808e-12 7.6406e-12 6.1167e-12 5.6214e-12 3.7926e-12 4.8603e-12 4.8732e-12 3.4748e-12 3.3237e-12 3.3851e-12 2.4241e-12 2.2526e-12 2.2899e-12
3.1863e-11 2.125e-11 2.3072e-11 1.3151e-11 1.3542e-11 1.0313e-11 1.1008e-11 1.1385e-11 1.3741e-11 1.3589e-11 5.2346e-12 8.4814e-12 7.8173e-12 9.6686e-12 4.8147e-12 4.1557e-12 4.4805e-12 5.4445e-12 4.8993e-12 3.4865e-12 3.1875e-12 2.2307e-12 2.0692e-12 2.298e-12
2.902e-11 1.5242e-11 1.8499e-11 1.3448e-11 1.6976e-11 1.0639e-11 1.004e-11 1.2333e-11 7.7644e-12 1.4022e-11 1.3079e-11 9.03e-12 6.8566e-12 5.6192e-12 5.895e-12 4.5142e-12 4.9645e-12 4.4128e-12 3.9248e-12 3.3363e-12 2.9953e-12 2.2844e-12 2.1602e-12 2.5812e-12
1.5788e-11 1.1123e-11 1.4332e-11 1.5915e-11 1.0079e-11 1.2302e-11 1.4312e-11 1.1891e-11 1.5028e-11 1.1498e-11 6.9754e-12 9.0432e-12 6.6219e-12 5.4044e-12 4.0809e-12 4.109e-12 4.7694e-12 4.6137e-12 4.2784e-12 3.8628e-12 3.9232e-12 2.4173e-12 2.5831e-12 2.5937e-12
1.1937e-11 1.3344e-11 1.3462e-11 1.1345e-11 1.3898e-11 1.1836e-11 1.7661e-11 1.3566e-11 1.1029e-11 1.285e-11 9.1945e-12 8.8476e-12 6.9223e-12 5.5472e-12 5.5301e-12 5.7494e-12 3.7167e-12 3.5571e-12 3.6258e-12 3.573e-12 2.4208e-12 2.2453e-12 2.8205e-12 3.2031e-12
1.4877e-11 1.5436e-11 1.5272e-11 1.6023e-11 1.3292e-11 1.4287e-11 1.4903e-11 1.2287e-11 1.2577e-11 1.2532e-11 1.2642e-11 7.5499e-12 7.1481e-12 4.1404e-12 5.9858e-12 5.2866e-12 4.3567e-12 3.2689e-12 3.0376e-12 3.8638e-12 3.9714e-12 2.361e-12 2.1947e-12 2.4791e-12
3.1685e-11 2.1763e-11 2.4954e-11 1.0473e-11 1.3599e-11 1.2666e-11 1.1065e-11 1.0484e-11 1.4082e-11 1.5466e-11 5.0782e-12 8.0756e-12 7.0678e-12 8.8765e-12 5.2985e-12 4.3341e-12 3.8416e-12 4.5623e-12 5.1653e-12 3.0118e-12 3.1815e-12 2.4479e-12 2.2843e-12 2.488e-12
1.3877e-10 1.5003e-10 1.3613e-10 1.5759e-11 1.2601e-11 9.6542e-12 8.7195e-12 5.4082e-12 5.4281e-12 1.5149e-11 1.6029e-11 1.8564e-11 8.3308e-12 8.9296e-12 4.5335e-12 4.0272e-12 3.9264e-12 4.7806e-12 6.1396e-12 2.942e-12 3.1514e-12 2.335e-12 2.3049e-12 2.1281e-12
3.3289e-11 2.1586e-11 2.3149e-11 1.2509e-11 1.5533e-11 8.9729e-12 1.0258e-11 1.0119e-11 1.4965e-11 1.4395e-11 5.9662e-12 7.987e-12 7.0717e-12 8.2523e-12 4.6918e-12 4.4137e-12 4.5373e-12 5.4105e-12 5.4501e-12 3.3116e-12 3.2223e-12 2.4988e-12 2.2926e-12 2.074e-12
1.2966e-11 1.3503e-11 1.5352e-11 1.5305e-11 1.021e-11 1.428e-11 1.388e-11 1.3718e-11 1.3742e-11 1.2505e-11 1.4247e-11 8.63e-12 6.2346e-12 4.0554e-12 4.6097e-12 4.9011e-12 4.4482e-12 3.9033e-12 3.0184e-12 4.2163e-12 3.3628e-12 2.6068e-12 2.195e-12 2.5696e-12
1.1982e-11 1.1865e-11 1.505e-11 1.2087e-11 1.3108e-11 1.2255e-11 1.2443e-11 1.0953e-11 1.3798e-11 1.5594e-11 1.0896e-11 1.1793e-11 4.887e-12 5.1772e-12 6.0015e-12 5.2849e-12 3.6397e-12 3.6444e-12 3.47e-12 3.6615e-12 3.7774e-12 3.8983e-12 2.5705e-12 2.3988e-12
1.5714e-11 1.133e-11 2.0115e-11 1.2784e-11 1.1085e-11 1.0363e-11 1.2787e-11 1.2851e-11 1.4514e-11 1.129e-11 6.7322e-12 1.0389e-11 6.4243e-12 5.0278e-12 4.246e-12 3.8934e-12 4.3703e-12 4.9496e-12 3.8884e-12 3.9442e-12 3.7454e-12 2.0753e-12 2.6147e-12 2.3556e-12
3.0328e-11 1.6107e-11 1.5339e-11 1.2468e-11 1.6124e-11 1.1245e-11 1.2002e-11 1.632e-11 7.2716e-12 1.3946e-11 1.3284e-11 8.5549e-12 7.9873e-12 5.7258e-12 6.9855e-12 4.2409e-12 5.1874e-12 5.3277e-12 3.401e-12 3.5079e-12 3.3254e-12 2.5124e-12 2.0903e-12 2.1997e-12
4.0656e-11 2.3285e-11 2.4674e-11 1.3636e-11 1.4403e-11 1.0282e-11 9.1501e-12 9.9049e-12 1.3598e-11 1.4438e-11 5.6534e-12 8.6041e-12 7.5136e-12 1.0614e-11 5.0131e-12 4.6751e-12 4.2726e-12 4.4765e-12 4.9334e-12 3.7108e-12 3.2543e-12 2.6032e-12 2.1652e-12 2.2425e-12
2.8958e-11 1.5614e-11 1.4995e-11 1.2369e-11 1.4394e-11 1.043e-11 9.8091e-12 1.4456e-11 6.0709e-12 1.6186e-11 1.6698e-11 9.1985e-12 8.187e-12 5.619e-12 5.4016e-12 4.2316e-12 5.1651e-12 5.888e-12 3.4638e-12 3.5304e-12 3.397e-12 2.4766e-12 2.034e-12 2.495e-12
1.5581e-11 1.2748e-11 1.1758e-11 1.656e-11 1.1156e-11 1.1127e-11 1.1313e-11 1.4838e-11 1.3064e-11 9.9791e-12 7.8508e-12 9.5661e-12 6.8324e-12 5.4001e-12 4.3723e-12 4.1882e-12 4.4179e-12 4.7415e-12 4.1708e-12 3.4631e-12 4.5297e-12 2.3826e-12 2.4826e-12 2.4295e-12
1.1736e-11 1.1704e-11 1.2751e-11 1.2436e-11 1.3138e-11 1.1407e-11 1.443e-11 1.4391e-11 1.1984e-11 1.3912e-11 8.9228e-12 1.1149e-11 6.172e-12 6.4469e-12 5.205e-12 4.4229e-12 3.6966e-12 3.4923e-12 3.1786e-12 3.2392e-12 2.2817e-12 2.61e-12 3.3323e-12 3.1079e-12
1.4817e-11 1.2097e-11 1.5992e-11 1.4912e-11 1.2965e-11 1.1322e-11 1.4088e-11 1.2078e-11 1.1899e-11 4.8926e-12 1.0378e-11 7.5655e-12 7.9603e-12 4.8201e-12 4.9272e-12 5.2352e-12 5.8585e-12 3.6981e-12 3.6765e-12 3.8787e-12 2.2818e-12 3.3781e-12 3.084e-12 3.1713e-12
1.9326e-11 1.261e-11 1.2293e-11 1.3178e-11 1.0247e-11 1.1808e-11 1.4586e-11 1.2719e-11 1.6638e-11 1.0989e-11 7.1723e-12 1.0035e-11 6.4221e-12 5.3105e-12 5.0525e-12 3.782e-12 4.4927e-12 5.1107e-12 3.5753e-12 3.8514e-12 4.2644e-12 2.1411e-12 2.8462e-12 2.4412e-12
1.6113e-11 1.2851e-11 1.5666e-11 1.3501e-11 9.7035e-12 1.1519e-11 1.6575e-11 1.4275e-11 1.0706e-11 1.2787e-11 1.3355e-11 8.6679e-12 5.5581e-12 4.8558e-12 5.6701e-12 4.5774e-12 4.0134e-12 3.9862e-12 2.9748e-12 4.0465e-12 3.9522e-12 2.6552e-12 2.3305e-12 2.1701e-12
1.6487e-11 1.1963e-11 1.4093e-11 1.561e-11 1.1009e-11 1.0933e-11 1.1826e-11 1.1865e-11 1.5468e-11 9.3439e-12 7.1538e-12 1.0233e-11 6.9894e-12 4.8937e-12 4.061e-12 4.184e-12 4.2602e-12 4.3444e-12 3.9012e-12 3.8892e-12 3.7639e-12 2.4582e-12 2.6699e-12 2.7375e-12
2.1239e-11 1.3522e-11 1.1144e-11 1.2478e-11 1.3724e-11 1.2763e-11 1.2584e-11 1.54e-11 1.0282e-11 6.5821e-12 9.7687e-12 7.1799e-12 7.0903e-12 5.602e-12 6.156e-12 4.7296e-12 4.8926e-12 3.6587e-12 3.856e-12 4.2807e-12 2.2452e-12 3.2461e-12 2.7316e-12 3.6639e-12
1.3581e-11 1.541e-11 1.2336e-11 1.4738e-11 1.2078e-11 1.1541e-11 1.1736e-11 1.2301e-11 8.0136e-12 9.04e-12 6.184e-12 6.4404e-12 7.0996e-12 6.9946e-12 5.4172e-12 5.4713e-12 3.8205e-12 3.5258e-12 3.2782e-12 3.4059e-12 3.1438e-12 3.1048e-12 3.3488e-12 3.7834e-12
1.2101e-11 1.4898e-11 1.3633e-11 1.4013e-11 1.4309e-11 1.2528e-11 1.2412e-11 1.0894e-11 8.8251e-12 9.2498e-12 7.0429e-12 6.7164e-12 6.8547e-12 6.6263e-12 5.3298e-12 5.7699e-12 3.9378e-12 3.247e-12 3.7161e-12 3.2306e-12 2.8496e-12 2.8177e-12 3.8075e-12 3.6974e-12
1.4738e-11 1.1481e-11 1.2512e-11 1.4548e-11 1.0835e-11 1.0497e-11 1.4862e-11 1.4071e-11 1.2678e-11 1.3e-11 9.4316e-12 1.0207e-11 6.8582e-12 6.6335e-12 5.2331e-12 5.296e-12 3.1795e-12 3.5602e-12 3.0985e-12 3.7113e-12 2.4158e-12 2.36e-12 3.1172e-12 3.3303e-12
1.2197e-11 1.1598e-11 1.2122e-11 1.1249e-11 1.1559e-11 1.3008e-11 1.2477e-11 1.3755e-11 1.5447e-11 1.626e-11 9.1748e-12 1.0709e-11 4.7285e-12 4.292e-12 4.9597e-12 5.8144e-12 3.8627e-12 4.2296e-12 4.2208e-12 4.0557e-12 3.4382e-12 3.2614e-12 2.2777e-12 2.5598e-12
1.2482e-11 1.0338e-11 1.3906e-11 1.5249e-11 1.4735e-11 1.2301e-11 1.2513e-11 1.3568e-11 1.1434e-11 1.085e-11 9.1037e-12 9.3323e-12 6.0703e-12 6.4439e-12 4.8867e-12 5.1668e-12 3.2446e-12 4.0622e-12 3.6942e-12 3.7231e-12 2.2443e-12 2.3491e-12 2.853e-12 3.4612e-12
1.4432e-11 1.3042e-11 1.4041e-11 1.3127e-11 1.2703e-11 1.1453e-11 1.1916e-11 1.352e-11 8.8245e-12 8.2353e-12 6.3167e-12 6.532e-12 6.983e-12 6.6319e-12 5.7702e-12 5.1434e-12 3.6132e-12 3.3288e-12 3.3121e-12 4.196e-12 3.1656e-12 2.84e-12 3.3574e-12 3.5573e-12
1.3361e-11 1.1695e-11 1.2626e-11 1.2967e-11 1.1125e-11 1.2124e-11 1.2032e-11 1.1363e-11 4.9145e-12 4.9621e-12 5.8024e-12 5.4196e-12 7.3348e-12 8.0774e-12 7.9377e-12 7.1383e-12 3.4875e-12 3.8385e-12 3.511e-12 3.5582e-12 3.3183e-12 3.6469e-12 3.0205e-12 3.2775e-12
1.7949e-11 1.3627e-11 1.1624e-11 1.4059e-11 1.3011e-11 1.1029e-11 1.1896e-11 1.1688e-11 6.27e-12 1.1631e-11 1.3274e-11 7.3674e-12 7.5134e-12 5.1166e-12 5.4024e-12 5.8705e-12 4.7199e-12 4.035e-12 4.4704e-12 4.4585e-12 2.6908e-12 3.1443e-12 3.277e-12 3.13e-12
1.5129e-11 1.2933e-11 1.4315e-11 1.2882e-11 1.0821e-11 1.1061e-11 1.4628e-11 1.1974e-11 1.4775e-11 1.0369e-11 8.1531e-12 1.0421e-11 7.0395e-12 5.5887e-12 3.9398e-12 3.5799e-12 4.5116e-12 4.2684e-12 3.6875e-12 3.8266e-12 4.6541e-12 2.3061e-12 2.5124e-12 2.6269e-12
1.5386e-11 1.6788e-11 1.5098e-11 1.1378e-11 1.6083e-11 1.0898e-11 1.5239e-11 1.2259e-11 8.5737e-12 1.3747e-11 1.0325e-11 8.4588e-12 4.2968e-12 6.1032e-12 6.4107e-12 4.146e-12 3.8311e-12 3.9645e-12 3.6474e-12 2.8142e-12 3.694e-12 2.638e-12 2.3022e-12 2.4487e-12
1.6211e-11 1.0971e-11 1.4355e-11 1.3247e-11 1.014e-11 1.2086e-11 1.2259e-11 1.0768e-11 1.5625e-11 1.1614e-11 7.5318e-12 1.0373e-11 7.3321e-12 5.1591e-12 5.1083e-12 4.3653e-12 4.6281e-12 4.5976e-12 4.5684e-12 3.8385e-12 4.244e-12 2.2497e-12 2.5684e-12 2.3993e-12
1.5354e-11 1.1251e-11 1.3589e-11 1.2469e-11 1.556e-11 1.1805e-11 1.2472e-11 1.3162e-11 5.8664e-12 1.1823e-11 9.4549e-12 7.576e-12 7.4666e-12 5.8055e-12 6.6367e-12 6.3782e-12 5.6808e-12 4.321e-12 3.6055e-12 4.0778e-12 2.3249e-12 3.067e-12 3.3239e-12 2.8646e-12
1.2813e-11 1.207e-11 1.1752e-11 1.1531e-11 1.4992e-11 1.1466e-11 9.2696e-12 1.2126e-11 9.1985e-12 8.5516e-12 7.5004e-12 7.4811e-12 7.4609e-12 5.9654e-12 5.3419e-12 4.9333e-12 3.6605e-12 4.5905e-12 3.7717e-12 3.6704e-12 2.7826e-12 2.658e-12 3.5299e-12 3.7551e-12
1.7083e-11 1.2474e-11 1.3093e-11 1.6824e-11 9.8936e-12 1.1284e-11 1.386e-11 1.066e-11 1.2593e-11 9.6549e-12 8.6751e-12 1.0871e-11 7.4097e-12 5.1699e-12 4.2696e-12 4.0848e-12 4.6437e-12 4.6869e-12 4.2425e-12 3.3058e-12 4.1027e-12 2.4802e-12 2.33e-12 2.8507e-12
2.2317e-11 1.8297e-11 1.6248e-11 1.2058e-11 1.2147e-11 1.0844e-11 9.8434e-12 1.3039e-11 6.2962e-12 1.4291e-11 1.4859e-11 8.7839e-12 9.0963e-12 5.7246e-12 5.4954e-12 4.7566e-12 6.1223e-12 4.7583e-12 3.7839e-12 3.5537e-12 3.4675e-12 2.4865e-12 2.3624e-12 2.6717e-12
2.9334e-11 2.0505e-11 1.8432e-11 1.6773e-11 1.3398e-11 9.4266e-12 1.1872e-11 1.0595e-11 1.6503e-11 1.7526e-11 6.7044e-12 7.3544e-12 7.3382e-12 8.8557e-12 4.9344e-12 3.8455e-12 5.3422e-12 4.1632e-12 5.5844e-12 3.536e-12 2.9725e-12 2.4668e-12 2.0772e-12 2.0435e-12
2.6988e-11 1.9368e-11 1.4161e-11 1.5663e-11 1.5125e-11 1.0831e-11 1.0569e-11 1.5117e-11 5.4474e-12 1.4111e-11 1.443e-11 8.03e-12 7.2282e-12 6.4322e-12 5.7375e-12 3.9927e-12 4.8106e-12 4.3262e-12 3.4987e-12 3.4508e-12 3.4079e-12 2.1565e-12 2.3365e-12 2.2113e-12
1.6849e-11 1.1888e-11 1.3536e-11 1.4217e-11 1.145e-11 1.3539e-11 1.1787e-11 1.0727e-11 1.4036e-11 1.1776e-11 7.5634e-12 1.0595e-11 7.7105e-12 4.7118e-12 4.3246e-12 4.1808e-12 4.8867e-12 4.4549e-12 4.3703e-12 3.8164e-12 3.6306e-12 2.077e-12 2.6742e-12 2.3047e-12
1.1792e-11 1.2149e-11 1.2551e-11 1.163e-11 1.4778e-11 9.9638e-12 1.4388e-11 1.6665e-11 1.1249e-11 1.0903e-11 9.3778e-12 9.3163e-12 6.1405e-12 5.9322e-12 6.0369e-12 6.0462e-12 3.6189e-12 3.5381e-12 3.5141e-12 3.8213e-12 2.4615e-12 2.3328e-12 3.3733e-12 3.0732e-12
1.7928e-11 1.3393e-11 1.356e-11 1.2146e-11 1.3763e-11 1.0863e-11 1.3864e-11 1.1522e-11 9.9094e-12 1.337e-11 1.1009e-11 1.002e-11 4.8966e-12 6.182e-12 5.9638e-12 4.4421e-12 3.7716e-12 4.3813e-12 4.6885e-12 3.088e-12 3.9885e-12 2.4727e-12 2.292e-12 2.4229e-12
3.4704e-11 1.6124e-11 1.6997e-11 1.8383e-11 1.4435e-11 1.0835e-11 1.1409e-11 9.1587e-12 1.693e-11 1.4515e-11 5.7621e-12 8.4322e-12 8.3657e-12 9.1693e-12 4.5779e-12 4.3617e-12 5.0462e-12 4.4365e-12 4.9309e-12 3.1051e-12 2.9093e-12 3.0567e-12 2.0526e-12 2.2935e-12
4.7402e-11 4.3431e-11 4.1552e-11 1.3628e-11 1.3882e-11 1.562e-11 9.9011e-12 9.0168e-12 5.6755e-12 6.6184e-12 1.7149e-11 1.9859e-11 8.2719e-12 8.4137e-12 4.035e-12 3.7346e-12 4.0234e-12 5.0073e-12 5.0274e-12 3.035e-12 3.1162e-12 2.6033e-12 2.4222e-12 2.1473e-12
2.9818e-11 1.8582e-11 1.9385e-11 1.3663e-11 1.4187e-11 1.0746e-11 1.5287e-11 1.0602e-11 1.6765e-11 1.3847e-11 5.5176e-12 7.5947e-12 7.8697e-12 8.8361e-12 5.5382e-12 4.4711e-12 5.7085e-12 3.7709e-12 5.0223e-12 3.2655e-12 3.8227e-12 2.4463e-12 2.2141e-12 2.0445e-12
1.5334e-11 1.4455e-11 1.4217e-11 1.1126e-11 1.474e-11 1.122e-11 1.4828e-11 1.3563e-11 1.1042e-11 1.4319e-11 1.1423e-11 9.2153e-12 5.0031e-12 5.591e-12 5.4391e-12 5.1935e-12 3.4875e-12 4.8833e-12 3.8774e-12 3.1599e-12 3.7641e-12 2.7857e-12 2.5484e-12 2.5028e-12
1.1878e-11 1.4612e-11 1.4627e-11 1.214e-11 1.3049e-11 1.198e-11 1.2359e-11 1.431e-11 1.7656e-11 1.6246e-11 9.9485e-12 8.4699e-12 4.0811e-12 4.2667e-12 5.0805e-12 5.5324e-12 3.9297e-12 4.2709e-12 4.2337e-12 4.0003e-12 3.5656e-12 3.51e-12 2.625e-12 2.4841e-12
1.5463e-11 1.3559e-11 1.4786e-11 1.3303e-11 1.065e-11 1.3748e-11 1.3103e-11 1.0973e-11 1.6117e-11 1.0834e-11 8.2209e-12 1.1009e-11 7.4203e-12 5.7598e-12 4.1618e-12 4.7136e-12 4.6683e-12 4.8143e-12 3.4682e-12 4.052e-12 3.6051e-12 2.4877e-12 2.7875e-12 2.8178e-12
2.311e-11 1.7613e-11 1.6553e-11 1.6132e-11 1.4268e-11 1.2945e-11 1.04e-11 1.2418e-11 6.1104e-12 1.3826e-11 1.4909e-11 8.7392e-12 8.7261e-12 5.6972e-12 5.4812e-12 3.9704e-12 4.5375e-12 4.789e-12 3.611e-12 3.6137e-12 3.7568e-12 2.539e-12 2.566e-12 2.3712e-12
2.9331e-11 1.6944e-11 1.8156e-11 1.6794e-11 1.5181e-11 9.2963e-12 1.2995e-11 1.0657e-11 1.7856e-11 1.3763e-11 5.5415e-12 7.6107e-12 7.8779e-12 8.8991e-12 4.9302e-12 4.1897e-12 4.4012e-12 4.1156e-12 5.7803e-12 3.4159e-12 3.2485e-12 2.285e-12 2.0625e-12 2.413e-12
2.6208e-11 1.7231e-11 1.4674e-11 1.178e-11 1.5743e-11 1.019e-11 1.0554e-11 1.3395e-11 6.4936e-12 1.6256e-11 1.4497e-11 8.641e-12 7.8023e-12 6.4727e-12 4.8989e-12 3.9024e-12 4.8011e-12 4.4913e-12 3.4499e-12 3.6116e-12 3.8102e-12 2.5204e-12 2.1758e-12 2.3547e-12
1.6027e-11 1.2558e-11 1.3229e-11 1.4233e-11 1.0106e-11 1.1865e-11 1.2753e-11 1.0433e-11 1.6473e-11 1.1439e-11 6.8852e-12 1.1168e-11 6.0266e-12 5.4967e-12 5.131e-12 4.5333e-12 4.9403e-12 4.5604e-12 3.5893e-12 3.4866e-12 4.3735e-12 2.3305e-12 2.5251e-12 2.4003e-12
1.2474e-11 1.3056e-11 1.3787e-11 1.2775e-11 9.8953e-12 1.2424e-11 1.4071e-11 1.2918e-11 1.1362e-11 1.3936e-11 1.0284e-11 1.298e-11 6.0108e-12 5.4272e-12 5.9795e-12 5.6026e-12 3.6117e-12 3.5838e-12 3.7377e-12 3.9993e-12 2.429e-12 2.2797e-12 3.2337e-12 3.3875e-12
1.6691e-11 1.2072e-11 1.4168e-11 1.1623e-11 1.2928e-11 1.3169e-11 1.3097e-11 1.3011e-11 6.4653e-12 1.4045e-11 9.3961e-12 6.9091e-12 7.4026e-12 5.5614e-12 6.5836e-12 5.2986e-12 5.1325e-12 3.8753e-12 4.9113e-12 4.852e-12 2.2734e-12 3.5519e-12 3.102e-12 3.4198e-12
1.4718e-11 1.0564e-11 1.3654e-11 1.2907e-11 1.0439e-11 1.1338e-11 1.3378e-11 1.1289e-11 1.4981e-11 1.0879e-11 7.155e-12 1.311e-11 8.3118e-12 5.3638e-12 4.4234e-12 4.2494e-12 5.2239e-12 4.4729e-12 4.1544e-12 4.3348e-12 3.8976e-12 2.366e-12 2.7653e-12 2.3859e-12
1.5205e-11 1.4297e-11 1.4274e-11 1.3447e-11 1.3569e-11 1.0133e-11 1.3611e-11 1.1665e-11 1.0279e-11 1.2753e-11 1.1616e-11 9.8194e-12 4.6835e-12 4.9862e-12 5.2296e-12 4.9555e-12 3.5891e-12 3.9535e-12 4.044e-12 2.9867e-12 3.664e-12 2.511e-12 2.5025e-12 2.0791e-12
1.5925e-11 1.2717e-11 1.4146e-11 1.3567e-11 1.0002e-11 1.1758e-11 1.5021e-11 1.0681e-11 1.4377e-11 1.2083e-11 7.6828e-12 1.079e-11 6.2135e-12 5.3067e-12 4.2289e-12 4.0657e-12 4.2075e-12 4.5834e-12 3.9476e-12 3.1252e-12 3.9467e-12 2.1954e-12 2.745e-12 2.1088e-12
1.5178e-11 1.2754e-11 1.3439e-11 1.1057e-11 1.6014e-11 1.4759e-11 1.1736e-11 1.3427e-11 5.8e-12 1.1841e-11 1.1745e-11 6.7352e-12 7.4828e-12 6.1201e-12 6.0328e-12 6.6898e-12 4.9853e-12 3.9936e-12 3.9662e-12 4.1909e-12 2.2786e-12 3.3235e-12 2.9262e-12 2.8017e-12
1.1394e-11 1.4303e-11 1.2417e-11 1.3815e-11 1.171e-11 1.0742e-11 1.2689e-11 1.3025e-11 9.8902e-12 9.4305e-12 7.1302e-12 6.5826e-12 7.0601e-12 6.9353e-12 5.0981e-12 5.078e-12 4.6921e-12 4.1025e-12 3.825e-12 4.2048e-12 3.0605e-12 2.8594e-12 3.2439e-12 3.9069e-12
1.273e-11 1.2455e-11 1.1288e-11 1.2609e-11 1.3416e-11 1.27e-11 1.3359e-11 1.2825e-11 9.1538e-12 9.1105e-12 7.2154e-12 8.6585e-12 7.0124e-12 8.1414e-12 5.655e-12 5.4345e-12 3.7169e-12 4.2115e-12 3.7503e-12 3.9614e-12 3.0959e-12 2.8534e-12 3.3686e-12 3.5506e-12
1.196e-11 1.3157e-11 1.2287e-11 1.2311e-11 1.2361e-11 1.1785e-11 1.3288e-11 1.5951e-11 1.319e-11 1.1377e-11 1.123e-11 9.6815e-12 5.6485e-12 5.6164e-12 5.6831e-12 5.2455e-12 3.9071e-12 3.3137e-12 4.0676e-12 3.8617e-12 2.4331e-12 2.4533e-12 3.797e-12 3.0433e-12
1.1227e-11 1.0786e-11 1.321e-11 1.195e-11 1.0739e-11 1.2113e-11 1.3372e-11 1.2645e-11 1.5319e-11 1.5275e-11 9.938e-12 1.1691e-11 4.1674e-12 4.1891e-12 5.2044e-12 5.081e-12 4.1244e-12 4.2223e-12 4.1852e-12 3.5157e-12 3.9428e-12 3.5212e-12 2.419e-12 2.7042e-12
1.1948e-11 1.0744e-11 1.1118e-11 1.2548e-11 1.3359e-11 1.1785e-11 1.4813e-11 1.2748e-11 1.1694e-11 1.1488e-11 9.6132e-12 9.1101e-12 5.963e-12 5.2201e-12 5.9434e-12 6.0163e-12 4.0549e-12 4.0259e-12 3.6627e-12 3.7704e-12 2.6035e-12 2.5304e-12 2.9718e-12 2.7211e-12
1.2707e-11 1.3083e-11 1.6161e-11 1.1967e-11 1.0838e-11 1.1172e-11 1.1368e-11 1.3229e-11 9.8058e-12 8.804e-12 6.8391e-12 6.9178e-12 6.6313e-12 6.1624e-12 5.4786e-12 6.0573e-12 4.5796e-12 3.7775e-12 3.5297e-12 3.4088e-12 2.7477e-12 2.8968e-12 3.3413e-12 3.7573e-12
1.2772e-11 1.4705e-11 1.4537e-11 1.1558e-11 1.0519e-11 1.0923e-11 1.2087e-11 1.0126e-11 6.0572e-12 5.3853e-12 5.6189e-12 6.0704e-12 8.6312e-12 7.2366e-12 8.2357e-12 7.6289e-12 3.5572e-12 4.3867e-12 3.9319e-12 4.1197e-12 3.45e-12 3.5347e-12 3.4365e-12 3.5166e-12
1.3514e-11 1.1772e-11 1.1548e-11 1.1216e-11 1.4789e-11 1.4372e-11 1.2878e-11 1.239e-11 7.7671e-12 1.1841e-11 1.1e-11 7.6161e-12 8.2193e-12 5.4365e-12 5.4366e-12 6.1083e-12 5.2747e-12 4.3558e-12 4.1213e-12 4.4417e-12 2.5022e-12 3.0492e-12 3.1579e-12 3.4589e-12
1.7106e-11 1.4803e-11 1.3849e-11 1.4144e-11 1.1191e-11 1.313e-11 1.5625e-11 1.5669e-11 1.0197e-11 9.3903e-12 8.0863e-12 8.8505e-12 7.2456e-12 4.9361e-12 4.8631e-12 4.4049e-12 4.7323e-12 4.593e-12 3.9999e-12 3.222e-12 3.7181e-12 2.2071e-12 2.7189e-12 2.5073e-12
1.7033e-11 1.4118e-11 1.265e-11 1.1384e-11 1.5354e-11 1.6385e-11 1.1093e-11 1.4663e-11 1.4894e-11 9.3104e-12 1.2014e-11 8.5907e-12 4.8464e-12 6.6265e-12 5.6631e-12 4.0791e-12 3.8589e-12 4.1924e-12 4.5982e-12 2.9564e-12 3.7521e-12 2.6427e-12 2.308e-12 2.2251e-12
1.6804e-11 1.2916e-11 1.4608e-11 1.248e-11 1.2207e-11 1.0989e-11 1.3659e-11 1.6244e-11 1.0027e-11 1.203e-11 7.6327e-12 1.0593e-11 7.2113e-12 5.5576e-12 4.5553e-12 4.5924e-12 5.277e-12 4.0152e-12 4.1855e-12 3.6819e-12 3.4095e-12 2.2291e-12 2.8909e-12 2.5113e-12
1.8959e-11 1.1331e-11 1.158e-11 1.3199e-11 1.4102e-11 1.3217e-11 1.1542e-11 1.1127e-11 6.413e-12 1.2304e-11 1.0901e-11 8.6256e-12 8.8728e-12 5.3027e-12 5.132e-12 5.4602e-12 5.484e-12 4.1164e-12 4.271e-12 4.189e-12 2.1132e-12 3.3536e-12 2.9796e-12 3.1012e-12
1.4125e-11 1.2128e-11 1.0986e-11 1.3386e-11 1.0752e-11 1.2084e-11 1.2365e-11 1.1369e-11 8.4064e-12 8.6427e-12 7.0604e-12 6.9358e-12 6.3213e-12 6.4783e-12 5.512e-12 5.8833e-12 4.6388e-12 5.1174e-12 4.0887e-12 4.047e-12 2.9736e-12 2.9091e-12 3.5603e-12 3.2763e-12
1.7327e-11 1.5078e-11 1.5239e-11 1.3759e-11 1.0881e-11 1.3127e-11 1.3921e-11 1.4294e-11 1.1498e-11 1.0929e-11 8.8408e-12 1.1088e-11 7.6724e-12 5.0409e-12 4.6275e-12 4.7205e-12 4.9134e-12 4.2053e-12 3.7932e-12 3.4644e-12 3.9381e-12 2.3316e-12 2.3078e-12 2.7395e-12
1.7238e-11 1.6922e-11 1.8893e-11 1.3486e-11 1.4052e-11 1.2384e-11 1.0222e-11 1.1817e-11 1.5705e-11 1.3761e-11 5.9963e-12 1.0185e-11 9.3253e-12 6.6465e-12 5.8571e-12 4.1907e-12 5.3127e-12 4.4212e-12 4.1208e-12 3.2805e-12 3.4944e-12 2.6791e-12 2.5236e-12 2.4864e-12
2.6457e-11 1.6113e-11 1.859e-11 1.1129e-11 1.7104e-11 1.2619e-11 1.0712e-11 1.1369e-11 1.6243e-11 1.571e-11 6.1347e-12 6.3538e-12 8.834e-12 7.6549e-12 4.6356e-12 4.8459e-12 6.8418e-12 3.8477e-12 4.7647e-12 3.3639e-12 3.0883e-12 2.6382e-12 2.3149e-12 2.324e-12
1.6873e-11 2.4233e-11 1.5951e-11 1.4844e-11 1.7242e-11 1.1681e-11 1.0384e-11 1.3067e-11 1.5852e-11 1.4512e-11 7.1393e-12 7.4085e-12 9.1379e-12 6.8449e-12 5.5539e-12 4.3238e-12 4.7113e-12 4.3514e-12 4.0462e-12 3.9003e-12 3.4156e-12 2.8761e-12 2.373e-12 2.2564e-12
1.628e-11 1.3249e-11 1.2678e-11 1.2147e-11 1.2121e-11 1.3223e-11 1.4768e-11 1.5042e-11 9.934e-12 1.1294e-11 7.6482e-12 9.7111e-12 7.0795e-12 5.7164e-12 3.7942e-12 4.287e-12 4.4285e-12 4.3019e-12 4.1139e-12 4.1666e-12 4.2917e-12 2.3217e-12 2.3175e-12 2.5835e-12
1.1035e-11 1.0806e-11 1.4067e-11 1.3933e-11 1.1608e-11 1.2407e-11 1.6693e-11 1.3013e-11 9.8857e-12 1.0845e-11 9.1096e-12 1.038e-11 5.2027e-12 5.5996e-12 6.5179e-12 6.5194e-12 3.9552e-12 3.6973e-12 3.7111e-12 4.1153e-12 2.3918e-12 2.4005e-12 2.7986e-12 2.9475e-12
1.6051e-11 1.4339e-11 1.2869e-11 1.0471e-11 1.4276e-11 1.6264e-11 1.1407e-11 1.4069e-11 1.5404e-11 8.8228e-12 1.2014e-11 1.0923e-11 5.3957e-12 4.9449e-12 6.217e-12 4.2828e-12 3.9388e-12 3.5846e-12 4.544e-12 2.8705e-12 3.9808e-12 2.3689e-12 2.3836e-12 2.2491e-12
2.6112e-11 1.746e-11 1.9226e-11 1.2673e-11 1.6621e-11 1.3048e-11 1.1532e-11 1.1481e-11 1.7362e-11 1.6298e-11 7.4446e-12 7.8378e-12 9.5676e-12 8.3185e-12 4.1759e-12 4.3827e-12 4.5872e-12 4.689e-12 4.9106e-12 3.8778e-12 3.2281e-12 2.5753e-12 2.2517e-12 2.0243e-12
1.9775e-11 2.7876e-11 2.4808e-11 1.2896e-11 1.5938e-11 1.5324e-11 9.073e-12 8.1422e-12 7.2076e-12 6.0118e-12 2.0146e-11 1.7477e-11 8.4172e-12 1.1109e-11 3.8947e-12 3.9541e-12 4.6666e-12 5.177e-12 5.1892e-12 3.5631e-12 3.5923e-12 2.8682e-12 2.1637e-12 2.1598e-12
2.8975e-11 1.5325e-11 1.746e-11 1.2388e-11 1.6168e-11 1.2904e-11 9.3232e-12 1.0607e-11 1.8128e-11 1.3584e-11 8.001e-12 5.9295e-12 8.8704e-12 9.0017e-12 4.4608e-12 4.4746e-12 5.1685e-12 4.2436e-12 4.7e-12 3.6918e-12 3.1725e-12 2.851e-12 2.3282e-12 2.0491e-12
1.4495e-11 1.5472e-11 1.4405e-11 1.2858e-11 1.3543e-11 1.568e-11 1.2122e-11 1.2989e-11 1.3357e-11 9.9235e-12 1.0603e-11 8.9005e-12 4.9291e-12 5.6412e-12 7.1451e-12 4.7109e-12 3.3781e-12 3.8708e-12 3.703e-12 2.9962e-12 3.8132e-12 2.9991e-12 2.2169e-12 2.5675e-12
1.175e-11 1.2304e-11 1.2495e-11 1.1268e-11 1.0622e-11 1.2241e-11 1.6772e-11 1.3457e-11 1.3076e-11 1.7093e-11 1.0188e-11 1.0803e-11 3.6277e-12 4.0099e-12 4.9532e-12 5.1951e-12 4.2736e-12 4.3667e-12 3.7081e-12 4.0426e-12 3.3013e-12 3.9115e-12 2.6216e-12 2.4548e-12
1.4322e-11 1.6916e-11 1.3221e-11 1.3707e-11 1.2755e-11 1.1653e-11 1.4094e-11 1.3284e-11 1.1877e-11 1.0156e-11 7.765e-12 1.0508e-11 7.1595e-12 6.0204e-12 4.6632e-12 4.3734e-12 4.9419e-12 4.4621e-12 3.6624e-12 3.2427e-12 3.8028e-12 2.2114e-12 2.7174e-12 2.5803e-12
1.6793e-11 1.8169e-11 1.5695e-11 1.2667e-11 1.3456e-11 1.0965e-11 1.1208e-11 1.4616e-11 1.513e-11 1.3659e-11 6.1314e-12 8.4867e-12 8.5358e-12 6.0858e-12 5.5434e-12 3.7422e-12 4.8258e-12 5.0273e-12 3.5387e-12 3.7567e-12 3.9048e-12 2.5242e-12 2.1468e-12 2.4392e-12
2.5449e-11 1.4615e-11 1.8949e-11 1.5535e-11 1.7023e-11 1.3969e-11 1.0529e-11 9.5042e-12 1.9439e-11 1.5866e-11 7.8173e-12 6.4491e-12 7.7747e-12 8.3655e-12 4.8378e-12 4.1023e-12 5.5038e-12 4.6085e-12 5.1411e-12 3.1498e-12 3.6561e-12 2.7891e-12 2.3315e-12 1.998e-12
1.8816e-11 1.6647e-11 1.3304e-11 1.3939e-11 1.4099e-11 1.0436e-11 9.5105e-12 1.3969e-11 1.5021e-11 1.8519e-11 6.1175e-12 8.9795e-12 9.4287e-12 7.3028e-12 5.2476e-12 4.1797e-12 5.1099e-12 4.201e-12 4.0896e-12 3.2074e-12 3.6313e-12 2.4236e-12 2.0373e-12 2.3806e-12
1.5712e-11 1.4265e-11 1.4061e-11 1.4865e-11 9.2224e-12 9.9776e-12 1.6518e-11 1.3206e-11 1.0484e-11 9.8954e-12 7.5083e-12 1.2397e-11 6.7391e-12 5.2493e-12 5.1275e-12 4.6509e-12 4.8392e-12 4.7422e-12 3.8016e-12 3.4835e-12 3.9058e-12 2.3903e-12 2.7001e-12 2.3327e-12
1.1633e-11 1.3108e-11 1.2423e-11 1.5559e-11 1.1083e-11 1.1315e-11 1.3617e-11 1.3038e-11 1.043e-11 1.1365e-11 8.9512e-12 8.5339e-12 5.247e-12 5.5289e-12 5.0714e-12 5.2222e-12 3.5749e-12 3.8851e-12 3.7811e-12 3.3418e-12 2.5888e-12 2.5693e-12 3.3397e-12 3.0379e-12
1.6348e-11 1.3453e-11 1.2478e-11 1.3852e-11 1.1722e-11 1.1788e-11 1.2469e-11 1.1745e-11 6.6952e-12 1.3408e-11 1.1019e-11 7.3496e-12 6.9749e-12 4.9551e-12 5.4453e-12 5.38e-12 6.0822e-12 4.9566e-12 3.8177e-12 4.2091e-12 2.2913e-12 3.2863e-12 2.9619e-12 3.0123e-12
1.5475e-11 1.2191e-11 1.4387e-11 1.1661e-11 9.8722e-12 1.136e-11 1.6156e-11 1.5094e-11 1.0628e-11 9.6992e-12 8.3248e-12 9.6645e-12 8.3487e-12 5.3011e-12 4.4493e-12 4.1296e-12 5.2586e-12 4.6457e-12 3.877e-12 3.8124e-12 3.9067e-12 2.3333e-12 2.7042e-12 2.347e-12
1.7679e-11 1.5426e-11 1.2148e-11 1.1254e-11 1.1094e-11 1.6144e-11 1.1208e-11 1.2731e-11 1.6411e-11 9.1704e-12 1.2142e-11 9.3855e-12 5.243e-12 5.6009e-12 6.4206e-12 4.1631e-12 3.9026e-12 3.6885e-12 4.509e-12 2.8811e-12 3.9351e-12 2.3156e-12 2.1596e-12 2.2345e-12
1.5399e-11 1.6479e-11 1.5719e-11 1.4021e-11 1.0245e-11 1.1047e-11 1.4314e-11 1.524e-11 1.0275e-11 1.0868e-11 6.3541e-12 8.6639e-12 7.1792e-12 5.8003e-12 4.567e-12 4.3369e-12 4.9964e-12 3.9358e-12 4.1449e-12 4.2188e-12 4.4659e-12 2.3008e-12 2.3738e-12 2.6154e-12
1.6833e-11 1.1123e-11 1.4087e-11 1.4837e-11 1.2136e-11 1.3296e-11 1.1536e-11 1.203e-11 6.1213e-12 1.2424e-11 1.0837e-11 7.6654e-12 8.3667e-12 5.4693e-12 6.3995e-12 5.556e-12 6.2495e-12 4.7181e-12 4.0106e-12 3.6835e-12 2.1969e-12 3.3007e-12 3.4242e-12 3.1089e-12
1.3054e-11 1.3475e-11 1.4987e-11 1.5121e-11 1.042e-11 1.2129e-11 1.231e-11 1.1124e-11 8.7469e-12 8.595e-12 8.4817e-12 7.3226e-12 5.6788e-12 7.6171e-12 6.2459e-12 5.6278e-12 4.3841e-12 4.4012e-12 4.0945e-12 3.7412e-12 2.5719e-12 2.8161e-12 3.5947e-12 3.6026e-12
1.3612e-11 1.4095e-11 1.2076e-11 1.2927e-11 1.0859e-11 1.0304e-11 1.2919e-11 1.0645e-11 7.7389e-12 7.8011e-12 8.2888e-12 8.7621e-12 8.2259e-12 6.9637e-12 5.797e-12 5.7195e-12 4.4723e-12 4.6354e-12 3.8705e-12 3.8945e-12 2.7099e-12 2.8564e-12 3.5175e-12 3.6836e-12
1.1741e-11 1.23e-11 1.3279e-11 1.2536e-11 1.1722e-11 1.1456e-11 1.3065e-11 1.368e-11 1.1848e-11 1.3367e-11 1.0141e-11 8.059e-12 5.152e-12 5.1265e-12 4.9847e-12 5.9073e-12 3.924e-12 4.2505e-12 3.7649e-12 3.9772e-12 2.248e-12 2.3915e-12 3.0572e-12 3.204e-12
1.2783e-11 1.1859e-11 1.186e-11 1.356e-11 1.1828e-11 1.0302e-11 1.3096e-11 1.604e-11 1.3084e-11 1.614e-11 9.1438e-12 1.1166e-11 4.2994e-12 3.6987e-12 5.9055e-12 5.5338e-12 4.9232e-12 4.3879e-12 3.7851e-12 3.7109e-12 3.2116e-12 3.6386e-12 2.5749e-12 2.8532e-12
1.1601e-11 1.1344e-11 1.2021e-11 1.2222e-11 1.1781e-11 1.0951e-11 1.4625e-11 1.4191e-11 1.0645e-11 1.1353e-11 8.9574e-12 1.0383e-11 5.0249e-12 5.4152e-12 5.0995e-12 5.5898e-12 4.2777e-12 3.8765e-12 3.5533e-12 4.3012e-12 2.7427e-12 2.4088e-12 3.2804e-12 2.947e-12
1.2777e-11 1.412e-11 1.3821e-11 1.2681e-11 1.0609e-11 1.2878e-11 1.1444e-11 1.2892e-11 8.2479e-12 7.683e-12 7.1201e-12 9.1192e-12 6.976e-12 7.1703e-12 5.8911e-12 5.341e-12 4.1748e-12 4.3776e-12 3.714e-12 3.4687e-12 2.684e-12 3.2431e-12 3.56e-12 2.985e-12
1.4111e-11 1.4595e-11 1.2579e-11 1.4592e-11 1.1278e-11 1.3197e-11 1.1892e-11 1.3304e-11 5.9546e-12 5.2657e-12 5.8027e-12 4.9528e-12 7.7529e-12 6.9384e-12 7.2161e-12 8.1902e-12 4.1058e-12 4.9352e-12 4.0175e-12 3.5494e-12 3.7958e-12 3.2737e-12 3.4525e-12 3.1744e-12
1.8227e-11 1.3974e-11 1.2285e-11 1.4882e-11 1.1021e-11 1.6528e-11 1.0956e-11 1.1651e-11 7.5872e-12 1.1485e-11 1.0709e-11 7.8179e-12 9.3878e-12 6.0699e-12 5.7397e-12 5.8155e-12 5.9224e-12 4.5649e-12 4.1697e-12 4.254e-12 2.2397e-12 3.0768e-12 3.1042e-12 2.8592e-12
1.3921e-11 1.4239e-11 1.5793e-11 1.2524e-11 1.2165e-11 1.2564e-11 1.4283e-11 1.3333e-11 1.0288e-11 9.9791e-12 7.3868e-12 1.0283e-11 7.2736e-12 5.4511e-12 4.4062e-12 4.1227e-12 5.0599e-12 4.1079e-12 4.0156e-12 3.7368e-12 3.725e-12 2.2391e-12 2.6376e-12 2.4545e-12
1.5161e-11 1.5329e-11 1.1448e-11 1.1182e-11 1.4355e-11 1.0229e-11 1.7691e-11 1.5437e-11 1.4262e-11 9.3858e-12 1.4668e-11 9.9635e-12 6.4975e-12 5.1128e-12 6.406e-12 4.5029e-12 3.4278e-12 3.8427e-12 4.58e-12 3.3323e-12 3.6643e-12 2.4508e-12 2.3241e-12 2.5403e-12
1.7081e-11 1.4498e-11 1.6557e-11 1.5034e-11 1.0861e-11 1.0625e-11 1.5324e-11 1.5127e-11 1.0298e-11 8.8345e-12 6.8929e-12 1.0359e-11 7.0159e-12 5.2259e-12 4.843e-12 4.23e-12 5.8025e-12 4.4268e-12 4.105e-12 3.6497e-12 4.2003e-12 2.2476e-12 2.369e-12 2.341e-12
1.8079e-11 1.0923e-11 1.5114e-11 1.1534e-11 1.372e-11 1.4119e-11 1.1538e-11 1.4109e-11 6.4477e-12 1.1391e-11 1.1053e-11 7.9405e-12 7.8289e-12 6.8995e-12 5.8996e-12 5.8183e-12 7.9124e-12 4.1511e-12 3.7543e-12 4.2222e-12 2.0015e-12 3.2781e-12 3.2515e-12 3.0694e-12
1.3483e-11 1.5472e-11 1.4728e-11 1.3561e-11 1.1155e-11 1.2701e-11 1.1238e-11 1.1779e-11 8.3079e-12 7.2979e-12 8.6262e-12 8.201e-12 8.3057e-12 7.1438e-12 5.3377e-12 5.7187e-12 4.6579e-12 4.5093e-12 4.1453e-12 3.6634e-12 2.8441e-12 2.8594e-12 3.0682e-12 3.4294e-12
1.3965e-11 1.5381e-11 1.3356e-11 1.2415e-11 1.0831e-11 9.9763e-12 1.5191e-11 1.4114e-11 9.9838e-12 9.9051e-12 7.4949e-12 1.0716e-11 5.87e-12 6.1013e-12 4.1606e-12 4.3334e-12 5.3901e-12 3.7081e-12 3.532e-12 4.0598e-12 4.2663e-12 2.2063e-12 2.7757e-12 2.2979e-12
2.068e-11 1.8202e-11 1.8184e-11 1.2675e-11 1.1024e-11 1.115e-11 1.6074e-11 1.4335e-11 1.5555e-11 1.5614e-11 6.7507e-12 7.8859e-12 8.8167e-12 6.4749e-12 4.9882e-12 4.3095e-12 4.5394e-12 3.9678e-12 3.9988e-12 3.5881e-12 3.7807e-12 2.6407e-12 2.4516e-12 2.2731e-12
1.5236e-11 2.3672e-11 1.5706e-11 1.57e-11 1.9312e-11 1.1319e-11 1.1833e-11 9.8448e-12 1.6729e-11 1.4979e-11 7.247e-12 7.0171e-12 8.813e-12 8.8325e-12 4.519e-12 4.4889e-12 5.1522e-12 4.5397e-12 4.4522e-12 2.9885e-12 3.1709e-12 2.5951e-12 2.0946e-12 2.5218e-12
1.7975e-11 1.562e-11 1.6452e-11 1.4123e-11 9.6146e-12 9.4914e-12 1.7686e-11 1.0315e-11 1.3366e-11 1.7055e-11 6.6004e-12 1.0132e-11 8.8369e-12 5.6459e-12 5.3899e-12 4.0558e-12 5.3421e-12 4.3041e-12 4.1047e-12 3.6772e-12 3.5043e-12 2.5442e-12 2.1394e-12 2.3668e-12
1.5153e-11 1.5357e-11 1.2636e-11 1.4783e-11 1.2778e-11 1.0906e-11 1.5077e-11 1.5221e-11 1.0943e-11 9.4026e-12 7.6511e-12 1.3499e-11 5.9998e-12 5.6579e-12 4.5175e-12 3.9477e-12 5.3778e-12 3.9663e-12 3.6914e-12 3.8258e-12 3.8191e-12 2.4451e-12 2.5121e-12 2.3889e-12
1.0601e-11 1.116e-11 1.4207e-11 1.376e-11 1.0859e-11 1.1413e-11 1.4165e-11 1.0775e-11 1.2212e-11 1.086e-11 1.0446e-11 9.1543e-12 5.4662e-12 4.5797e-12 5.0847e-12 5.2461e-12 3.9881e-12 3.9642e-12 3.5755e-12 3.9875e-12 2.1664e-12 2.3936e-12 3.136e-12 2.8774e-12
1.5313e-11 1.4947e-11 1.1818e-11 1.2886e-11 1.7429e-11 1.1633e-11 1.4043e-11 1.3675e-11 1.7031e-11 9.8202e-12 1.0891e-11 9.4682e-12 5.0651e-12 5.4006e-12 6.4285e-12 4.1954e-12 3.9145e-12 3.7699e-12 3.9862e-12 3.3305e-12 3.8606e-12 2.5444e-12 2.5089e-12 2.2956e-12
1.9054e-11 2.2272e-11 1.5886e-11 1.4063e-11 1.8672e-11 9.8971e-12 9.559e-12 9.2508e-12 1.5556e-11 1.3549e-11 7.4466e-12 7.5113e-12 8.0682e-12 8.3865e-12 4.4426e-12 4.3063e-12 6.0446e-12 4.2909e-12 4.8528e-12 3.2206e-12 3.2423e-12 2.8392e-12 1.9738e-12 2.0795e-12
1.8074e-11 1.9669e-11 2.5326e-11 1.1985e-11 1.3727e-11 1.6437e-11 8.4229e-12 8.4325e-12 6.5161e-12 6.7341e-12 1.5696e-11 1.577e-11 8.7109e-12 9.737e-12 4.3539e-12 4.4105e-12 4.651e-12 5.521e-12 5.9355e-12 3.3153e-12 3.2797e-12 2.4624e-12 2.2008e-12 2.1307e-12
1.7612e-11 2.3498e-11 1.6935e-11 1.3082e-11 1.6964e-11 1.1342e-11 1.1803e-11 1.0389e-11 1.5456e-11 1.6578e-11 6.711e-12 5.874e-12 8.2898e-12 8.0145e-12 5.1003e-12 4.2969e-12 4.8546e-12 4.1666e-12 4.7664e-12 3.8577e-12 2.9354e-12 2.843e-12 2.4616e-12 2.0903e-12
1.4599e-11 1.3499e-11 1.2227e-11 1.398e-11 1.446e-11 9.9496e-12 1.6703e-11 1.3978e-11 1.8178e-11 1.0912e-11 1.0894e-11 7.2048e-12 5.4548e-12 6.0896e-12 6.2387e-12 4.2497e-12 3.7182e-12 5.0962e-12 4.2853e-12 2.9212e-12 3.7135e-12 2.2477e-12 2.5197e-12 2.3213e-12
1.1076e-11 1.0999e-11 1.1588e-11 1.1386e-11 1.0881e-11 1.1158e-11 1.4869e-11 1.2371e-11 1.3328e-11 1.4488e-11 1.0944e-11 1.0042e-11 4.0704e-12 4.0289e-12 4.8676e-12 4.2903e-12 4.5175e-12 4.6905e-12 3.6988e-12 3.5076e-12 3.5247e-12 3.3073e-12 2.6452e-12 2.7542e-12
1.6787e-11 1.4967e-11 1.4928e-11 1.2288e-11 1.1934e-11 1.041e-11 1.3749e-11 1.5898e-11 1.0165e-11 1.0594e-11 7.9838e-12 1.0045e-11 6.7224e-12 5.1804e-12 4.5119e-12 4.1593e-12 6.6562e-12 4.4831e-12 3.7299e-12 4.0123e-12 3.5045e-12 2.3688e-12 2.3267e-12 2.372e-12
1.8602e-11 2.1104e-11 1.6316e-11 1.1316e-11 1.1423e-11 1.1444e-11 1.7447e-11 1.1812e-11 1.2847e-11 1.6382e-11 6.4942e-12 7.0993e-12 7.5383e-12 6.0148e-12 4.966e-12 3.9365e-12 4.1045e-12 5.109e-12 3.7913e-12 3.8835e-12 3.6987e-12 2.4468e-12 2.302e-12 2.4484e-12
1.9272e-11 2.6582e-11 1.4754e-11 1.2128e-11 1.9277e-11 1.0116e-11 9.0889e-12 9.425e-12 1.8025e-11 1.3479e-11 6.9018e-12 6.6631e-12 7.5273e-12 8.3453e-12 5.1795e-12 4.1778e-12 4.9227e-12 4.2439e-12 4.9499e-12 3.4935e-12 3.3771e-12 2.9401e-12 2.4001e-12 2.1645e-12
2.1747e-11 1.7386e-11 1.4027e-11 1.47e-11 1.011e-11 1.0093e-11 1.6638e-11 1.1321e-11 1.4789e-11 1.837e-11 7.9705e-12 1.0821e-11 9.1336e-12 6.4954e-12 5.5969e-12 4.2097e-12 4.4049e-12 5.767e-12 3.9397e-12 3.2446e-12 3.9023e-12 2.7206e-12 2.2925e-12 2.1919e-12
1.5661e-11 1.5609e-11 1.1473e-11 1.3968e-11 1.0489e-11 1.1469e-11 1.6204e-11 1.5261e-11 9.9195e-12 8.1522e-12 7.2667e-12 1.0124e-11 6.9921e-12 5.1122e-12 4.5256e-12 3.8703e-12 5.8655e-12 4.0037e-12 3.6366e-12 3.5796e-12 4.4759e-12 2.3513e-12 2.4662e-12 2.4826e-12
1.0072e-11 1.0226e-11 1.224e-11 1.3688e-11 1.3724e-11 1.0707e-11 1.3688e-11 1.1539e-11 1.1952e-11 1.1383e-11 9.7617e-12 8.3446e-12 5.8186e-12 4.8378e-12 5.9928e-12 5.8059e-12 3.8344e-12 3.7252e-12 4.3161e-12 4.0027e-12 2.4574e-12 2.359e-12 3.2669e-12 3.3397e-12
2.022e-11 1.1806e-11 1.4204e-11 1.1994e-11 1.1612e-11 1.4961e-11 1.0699e-11 1.3844e-11 6.5562e-12 1.2284e-11 1.2486e-11 8.5702e-12 8.1131e-12 5.5535e-12 5.84e-12 5.6279e-12 6.4921e-12 4.425e-12 4.1445e-12 3.9624e-12 2.0468e-12 3.5679e-12 3.2365e-12 3.4066e-12
1.5005e-11 1.3653e-11 1.4854e-11 1.3098e-11 1.4014e-11 1.0902e-11 1.6305e-11 1.4237e-11 9.9825e-12 9.5186e-12 8.1118e-12 9.0968e-12 7.4136e-12 6.0159e-12 3.9354e-12 4.7237e-12 5.6816e-12 3.997e-12 4.0447e-12 4.0211e-12 3.4767e-12 2.6202e-12 2.4743e-12 2.6096e-12
1.6339e-11 1.3434e-11 1.2295e-11 9.9036e-12 1.3887e-11 1.1113e-11 1.5112e-11 1.6012e-11 1.5346e-11 1.2704e-11 1.0582e-11 9.8009e-12 5.8435e-12 6.0746e-12 7.0808e-12 4.7697e-12 3.3989e-12 3.4458e-12 4.243e-12 3.4034e-12 4.3167e-12 2.3251e-12 2.5159e-12 2.2578e-12
1.6366e-11 1.7925e-11 1.2496e-11 1.2354e-11 1.0004e-11 1.0657e-11 1.5924e-11 1.454e-11 1.1365e-11 1.0739e-11 7.4692e-12 9.132e-12 6.2014e-12 6.5375e-12 4.9314e-12 3.863e-12 4.7798e-12 4.4599e-12 4.42e-12 3.9196e-12 3.6013e-12 2.3514e-12 2.679e-12 2.34e-12
1.7384e-11 1.4344e-11 1.3791e-11 1.2527e-11 1.2616e-11 1.2598e-11 1.2728e-11 1.3002e-11 6.6743e-12 1.0697e-11 1.3403e-11 9.1766e-12 7.9262e-12 5.5038e-12 5.708e-12 5.5328e-12 6.6848e-12 4.3957e-12 3.3271e-12 4.2198e-12 2.5562e-12 3.4036e-12 3.0843e-12 3.1456e-12
1.3021e-11 1.3142e-11 1.3894e-11 1.2974e-11 1.1417e-11 9.9928e-12 1.0859e-11 1.0236e-11 6.8136e-12 7.5915e-12 8.3708e-12 1.0037e-11 7.5671e-12 5.958e-12 6.0419e-12 5.1635e-12 5.5976e-12 4.4908e-12 3.8644e-12 4.0599e-12 3.0023e-12 2.6495e-12 3.6135e-12 3.4848e-12
1.4147e-11 1.2374e-11 1.423e-11 1.4003e-11 1.1876e-11 1.2846e-11 1.3914e-11 1.1174e-11 7.7866e-12 7.6016e-12 1.0552e-11 1.0505e-11 7.4854e-12 7.1369e-12 6.229e-12 5.7991e-12 4.5893e-12 4.8123e-12 4.0276e-12 4.0777e-12 3.0207e-12 3.0107e-12 3.4189e-12 3.7884e-12
1.2042e-11 1.0646e-11 1.4182e-11 1.4252e-11 1.0496e-11 1.0424e-11 1.5763e-11 1.2986e-11 1.0353e-11 1.0006e-11 8.4816e-12 9.1763e-12 5.4824e-12 5.8023e-12 6.3499e-12 6.3651e-12 3.8592e-12 4.1321e-12 4.3149e-12 4.5991e-12 2.5259e-12 2.3753e-12 3.1421e-12 3.2692e-12
1.015e-11 1.1828e-11 1.215e-11 1.1406e-11 1.1133e-11 9.8581e-12 1.5547e-11 1.3716e-11 1.4316e-11 1.1585e-11 8.8784e-12 9.4846e-12 4.1846e-12 3.9303e-12 4.8254e-12 4.6964e-12 5.0755e-12 4.5654e-12 3.6618e-12 3.4948e-12 3.4387e-12 3.673e-12 2.7528e-12 2.6107e-12
1.1803e-11 1.1318e-11 1.4791e-11 1.1721e-11 1.2125e-11 1.2103e-11 1.4182e-11 1.1643e-11 9.6941e-12 1.3142e-11 8.4764e-12 8.1962e-12 5.2419e-12 5.3241e-12 4.8208e-12 6.1138e-12 4.0593e-12 4.1096e-12 4.119e-12 4.1678e-12 2.503e-12 2.5804e-12 3.1631e-12 3.1527e-12
1.3205e-11 1.2249e-11 1.2924e-11 1.1587e-11 1.2287e-11 1.2412e-11 9.8797e-12 1.2238e-11 8.1638e-12 8.593e-12 1.0231e-11 8.2992e-12 6.2379e-12 6.263e-12 5.0052e-12 5.4677e-12 4.5354e-12 4.0428e-12 3.9737e-12 3.7753e-12 2.8139e-12 2.7359e-12 4.0106e-12 3.3271e-12
1.1789e-11 1.4886e-11 1.2611e-11 1.1426e-11 1.2148e-11 1.2482e-11 1.1168e-11 1.359e-11 7.313e-12 6.7668e-12 6.9531e-12 6.8412e-12 5.0728e-12 4.7252e-12 5.5031e-12 5.2371e-12 4.0621e-12 4.1664e-12 4.2293e-12 3.6546e-12 3.3328e-12 3.5682e-12 3.463e-12 3.4671e-12
